高朋满座	2347277	378	93	483	2006	60	0	剧情/
狂吻俄罗斯	1962939	580	239	834	1994	78	1	
花田喜事	1416728	34936	2756	48342	1993	5181	19	喜剧/爱情/
年年有今日	4191644	
白日女鬼	2995142	104	91	126	1994	49	0	
梅雨季节	1766592	
红番区	1296011	44665	1740	62876	1995	3496	17	喜剧/动作/犯罪/
铜马铁燕传奇	2995215	
市政厅	3713860	10600	3781	11728	2009	3631	170	喜剧/爱情/
疯狂的兔子	1938923	8813	3292	12202	1997	4918	32	科幻/惊悚/儿童/
97家有喜事	1305197	45463	1671	64587	1997	4101	10	喜剧/
阴阳路	1480051	
猫咪小贝	3642274	3512	162	4415	1999	939	6	剧情/动画/
桃色陷阱	1293819	
没事偷着乐	1300678	21281	2056	30869	1998	2402	40	喜剧/
女人的天空	26745186	
缘，妙不可言	2148618	8850	249	13276	1999	926	5	剧情/爱情/
特警新人类	1299048	
那个夏天的日子	1779364	253	309	337	1996	55	3	动画/喜剧/爱情/
宝莲灯	2327493	11146	113	13726	2005	2550	29	剧情/
龙飞凤舞	7163765	130	75	157	2012	53	3	剧情/喜剧/
阴阳路六之凶周刊	26961002	4304	2841	4618	2017	2392	80	犯罪/悬疑/
红岩第1部	2049761	5965	10155	6083	2009	1617	76	剧情/
红岩 第2部	26675621	752	1458	902	2016	163	2	剧情/动画/悬疑/
红岩 第3部	5968831	2738	2768	3014	2011	662	31	剧情/历史/战争/
新家法	2084048	
我的1919	1316511	9622	3638	12638	1999	2166	59	剧情/传记/历史/
国歌	1868115	
美丽新世界	1419942	2499	3021	3274	2005	786	36	剧情/爱情/传记/
我的父亲母亲	1294007	
月蚀	3289086	106659	19358	143763	2010	21701	247	剧情/爱情/惊悚/
缘份的天空	1298128	
会飞的花花	2997437	80	21	114	2000	36	0	剧情/
辣妹天使	3134873	34	21	53	2000	6	0	剧情/
宇宙与人	1464628	1233	249	1523	2000	425	17	纪录片/
足球大侠	4172589	50	12	64	2000	20	0	
草房子	1302666	1343	1135	1715	1998	481	15	剧情/
卧虎藏龙	1301168	
龙套	6307282	62	18	75	2004	17	1	
刑警故事	3176293	37	13	47	2003	12	0	
爱在塬上的日子	1291558	49729	42578	74550	1995	10626	316	剧情/爱情/情色/
紫日	1308078	
生旦净末	2080558	74	121	88	2002	15	0	
月圆今宵	2264018	39	22	51	2001	16	1	剧情/
致命密函	2079752	138	18	195	2001	46	0	动作/武侠/
珍珠港	1302987	
为人之母	26972557	4480	2431	4109	2017	1588	28	剧情/家庭/
北京乐与路	1298213	
花眼	1421779	1919	1355	3257	2002	374	22	剧情/奇幻/爱情/
沉甸甸的十六岁	26662489	11488	1082	10301	2017	6354	315	剧情/运动/
哈利·波特与魔法石	1295038	257469	10043	338180	2001	36269	266	奇幻/冒险/
麻辣女生	2303776	236	41	322	2002	82	0	剧情/
烟雨红颜	1456391	1885	893	2690	2002	524	31	爱情/
丈母娘来了	6788274	
指环王1：魔戒再现	1291571	311309	25125	411639	2001	41500	292	剧情/动作/奇幻/
恰同学少年	2148367	
开往春天的地铁	1305466	35282	11506	54272	2002	5880	227	剧情/爱情/
冲出亚马逊	1464563	
喋血黄沙	1296519	36789	7164	49485	1989	6023	95	动作/犯罪/剧情/
百骏图	1292858	
蜘蛛侠	24753477	163126	34701	175149	2017	69719	1066	动作/科幻/冒险/
和你在一起	1307702	30992	7513	43039	2002	4693	105	剧情/音乐/
猎豹	1305955	118	35	140	1998	39	0	动作/惊悚/
英雄	1306123	130646	5935	174995	2002	21454	362	剧情/动作/武侠/
黑白	25723093	756	1165	897	2016	323	3	动作/犯罪/
聊聊	1483949	
哈利·波特与密室	1296996	178567	3670	238194	2002	16274	91	奇幻/冒险/
惊涛骇浪	1298406	1617	586	2120	1994	383	11	动作/冒险/犯罪/
少年英雄	2154862	22770	416	31244	1999	2994	20	喜剧/古装/
淘气少女求爱记	1787819	9369	332	13920	2002	1039	3	剧情/爱情/
成人仪式	2003514	61	32	85	2006	19	1	剧情/
指环王2：双塔奇兵	1291572	
冬至	6118626	3229	2938	3858	2002	849	25	剧情/犯罪/
黑客帝国2：重装上阵	1304141	141614	8485	187277	2003	15046	101	动作/科幻/
危险智能	2241532	56	27	68	2003	22	0	
绿茶	1308699	28211	3077	43182	2003	4382	85	剧情/爱情/
终结者3	1305333	59992	2305	80585	2003	5411	42	动作/科幻/惊悚/
诺玛的十七岁	26757951	1746	929	1907	2017	948	43	爱情/
三十八度	1476912	1220	226	1838	2003	197	0	喜剧/爱情/
无间道	1307914	
中国功夫少女组	1771343	543	106	734	2003	158	1	动作/
天地英雄	1302705	20902	1554	28632	2003	3299	52	剧情/动作/冒险/
黑客帝国3：矩阵革命	1302467	152815	12262	204015	2003	17256	240	动作/科幻/
绿巨人浩克	1307354	52294	5161	69136	2003	9198	106	动作/科幻/
加勒比海盗	1298070	347932	15484	466065	2003	44841	300	动作/冒险/奇幻/
散打	1417441	
飞鹰	1307186	16590	240	22768	2004	1629	3	动作/冒险/
山楂树	4151110	187016	15382	246211	2010	56138	2014	剧情/爱情/
城市女孩	2988894	64	37	72	2004	20	2	
神枪手	3002820	
指环王3：王者无敌	1291552	295341	26059	388674	2003	41553	423	剧情/动作/奇幻/
火山高校	1295703	
我爱杰西卡	1872682	87	11	111	2004	22	3	
反恐特警组	26882430	145	137	112	2017	41	1	动作/犯罪/
云的南方	1418292	1521	4779	2089	2003	511	29	剧情/
三毛救孤记	2129402	
黄昏清兵卫	1307306	16363	13834	19938	2002	4837	151	剧情/爱情/
旋风腿	25748643	
烛光	3272920	36	52	47	1996	10	0	
茉莉花开	1302795	
后天	1308779	210058	13899	274033	2004	28741	348	动作/科幻/冒险/
怪物史瑞克2	1291582	
美丽上海	1422040	2722	2778	3535	2004	960	48	剧情/家庭/
十面埋伏	1308722	
自娱自乐	1316581	5159	538	7313	2004	952	21	喜剧/
我男朋友的罗曼史	1526760	
少年陈真	3229450	98	24	129	2004	28	1	动作/
特洛伊	1308751	
可可西里	1308857	127997	39625	252105	2004	23223	553	剧情/犯罪/
天下无贼	1291550	226244	4488	306249	2004	25094	293	动作/犯罪/剧情/
放牛班的春天	1291549	474264	76506	613617	2004	100436	1928	剧情/音乐/
哈利·波特与阿兹卡班的囚徒	1291544	
新警察故事	1306160	134305	2937	184875	2004	14652	71	动作/犯罪/剧情/
张思德	1938260	
珍珠衫	3032555	53	954	117	2005	27	0	
胡同里的波西米亚人	1476255	125	124	174	2005	39	0	
情人结	1316506	19381	3209	29059	2005	3485	122	剧情/爱情/
加菲猫	1308776	103636	3608	142711	2004	9642	53	喜剧/家庭/
我为谁狂	1473215	558	645	749	2004	170	5	喜剧/犯罪/
初试锋芒	3260389	
绿草地	1479807	1794	3615	2499	2005	568	42	喜剧/剧情/
一石二鸟	1457319	
窒息	1415200	883	211	1242	2005	185	3	惊悚/
孔雀	1309004	72245	22135	101483	2005	14566	712	剧情/家庭/
美人依旧	1329938	6379	2200	9073	2005	768	40	剧情/
破釜沉舟	10535502	
一个陌生女人的来信	1308799	88298	21394	123502	2004	23178	1263	剧情/爱情/
桃花灿烂	1466731	1237	1017	1702	2005	407	46	剧情/爱情/
租期	1875310	2303	812	3230	2006	517	61	剧情/
好大一对羊	1394530	
鸿门宴	5908477	81025	4296	94472	2011	34574	1879	剧情/动作/历史/
红孩儿：决战火焰山	1419661	
鲨鱼故事	1308757	33057	3473	46578	2004	2995	42	喜剧/动画/冒险/
结果	1762077	
姐姐词典	1461180	337	159	481	2005	73	8	爱情/
星球大战前传3：西斯的复仇	1309078	54288	5044	70559	2005	8241	130	动作/科幻/冒险/
终极挑战	2106269	167	42	216	2005	53	1	动作/科幻/
两个人的芭蕾	1857405	
任长霞	3292755	750	34	999	2005	156	1	传记/
求求你表扬我	1438041	
山林喋血	3115176	240	44	305	2006	123	0	战争/
鸳鸯蝴蝶	1394543	6211	2395	9025	2004	1422	56	剧情/爱情/
头文字D	1329562	139010	2501	188402	2005	20287	203	剧情/动作/
马达加斯加	1309201	116690	5818	156735	2005	11715	105	动画/冒险/喜剧/
世界之战	1309044	46097	3806	59219	2005	7577	149	科幻/惊悚/冒险/
七剑	1401205	
龙威父子	1920116	360	21	487	2004	72	2	剧情/动作/
史密斯夫妇	1309199	
茶马古道：德拉姆	1291830	3397	5400	5233	2004	634	57	纪录片/
人民公敌2	1419960	
鲁迅	1459399	786	973	1015	2005	257	13	传记/历史/
银色头发的阿基德	1448722	
黑社会	1309220	67108	13190	84783	2005	12853	222	犯罪/剧情/惊悚/
如果·爱	1418070	151478	20663	210466	2005	28275	1229	剧情/歌舞/爱情/
神话	1307023	121647	2402	170350	2005	12396	197	动作/冒险/喜剧/
爱上爱	1480325	
我和姐姐	1966919	151	463	229	2006	57	2	剧情/
随风而去	1765937	44	82	60	2005	9	5	
野蛮秘笈	1758336	10532	216	14955	2006	1113	15	动作/喜剧/奇幻/
我的法兰西岁月	1464134	
爱了再爱	4798707	48909	79825	60446	2012	20412	576	剧情/爱情/
纳尼亚传奇1：狮子、女巫和魔衣橱	1309052	
双层公寓	1307046	5491	1462	7366	2003	1080	35	喜剧/
U57次谜案	2347360	
警花燕子	1782223	2956	325	3997	2004	1110	12	剧情/
血战到底	6839157	589	292	630	2011	189	25	历史/战争/
佐罗传奇	1309042	23303	1923	33993	2005	2237	35	动作/冒险/西部/
伊莎贝拉	1468155	
陶器人形	2137020	260	121	332	2006	51	2	恐怖/
男孩向前冲	2357394	210	23	277	2001	41	0	剧情/
雏菊	1433360	179907	28470	245188	2006	39939	1301	剧情/爱情/
静静的嘛呢石	1756057	
生死大营救	6724687	49	18	48	2011	16	3	剧情/动作/犯罪/
天狗	1947270	13444	9220	16928	2006	3770	175	剧情/
伯爵夫人	2075147	11846	8416	15221	2009	3594	135	剧情/历史/惊悚/
真水无香	2224973	
梦想照进现实	1875313	16225	5701	25217	2006	3222	250	剧情/爱情/
第601个电话	1890569	
跆拳道	26781921	2422	2750	2659	2016	1284	16	剧情/同性/
马背上的法庭	2148778	
陆小凤传奇之凤舞九天	2136212	5181	301	6714	2006	799	5	动作/武侠/古装/
图雅的婚事	1966460	
城市上空的鸟	2391990	47	20	69	2007	22	0	喜剧/爱情/家庭/
夜宴	1418605	
伟大的族谱	1957764	740	375	962	2006	195	11	剧情/喜剧/犯罪/
宝贝计划	1859036	196336	2265	273549	2006	21010	207	动作/喜剧/剧情/
玉战士	1851480	2782	394	3671	2006	487	34	动作/冒险/剧情/
绝密行动	4281598	
卧虎	26425068	73780	19208	77927	2017	33918	804	动作/犯罪/
我人生中最美的一周	1467235	
马背上的玫瑰	2061089	49	5	60	2006	37	0	
茶色生香	2282509	
墨攻	1455979	51219	2877	72967	2006	5193	377	动作/剧情/战争/
白秋练	3048146	
云水谣	1949811	86914	7465	126438	2006	13657	604	剧情/爱情/战争/
篮球宝贝	2279820	
满城尽带黄金甲	1499008	110900	2992	147896	2006	17056	743	剧情/动作/爱情/
龙虎门	1478926	
伤城	1867408	78946	7647	114940	2006	11429	665	犯罪/剧情/惊悚/
面纱	1441238	
男才女貌	2228525	21580	222	30935	2003	2973	9	剧情/爱情/
新忠烈图	1970594	
爱情呼叫转移	1927686	124446	2953	181055	2007	12322	326	喜剧/爱情/
生日快乐	1951318	56371	9792	84073	2007	10497	837	爱情/
空战英豪	1849026	7170	1886	9342	2006	1471	49	动作/冒险/剧情/
蜗牛也是牛	2993089	381	165	496	2007	135	8	
门徒	1890784	127098	9537	173301	2007	19041	631	犯罪/剧情/惊悚/
双子神偷	1962508	
穿普拉达的女王	1482072	330000	22946	433745	2006	61457	1531	剧情/爱情/
别拿自己不当干部	1961844	11595	854	16578	2007	1474	45	喜剧/
姨妈的后现代生活	1794435	38193	7346	54250	2006	7471	518	喜剧/剧情/爱情/
第三种温暖	2009887	
汉江怪物	1763134	92904	9984	153086	2006	18016	363	剧情/科幻/惊悚/
乱战	1493481	13974	4142	17994	2005	3004	47	剧情/动作/犯罪/
我的实习生活	3543584
十三棵泡桐	2038365	
追爱总动员	2033877	2807	149	3793	2007	556	31	
疯狂粉丝王	2043458	
信箱	2056737	256	52	337	2007	70	6	
寄生人	2053668	1757	444	2533	2007	325	19	惊悚/
女检察官	2224982	45	17	54	2007	22	0	剧情/
王者之心	1461919	12412	4786	16462	2006	2927	119	剧情/动作/爱情/
功夫无敌	2068109	1006	95	1222	2007	230	15	动作/
蜘蛛侠3	1418189	102141	3601	137498	2007	10313	267	动作/科幻/冒险/
生死狙击	1947549	83004	11717	105494	2007	13476	197	动作/犯罪/悬疑/
十分爱	2043465	
河内，河内	2255686	107	150	160	2007	43	1	
加勒比海盗：世界的尽头	1418192	185463	6921	247098	2007	20742	328	动作/冒险/奇幻/
28周后	1758487	26648	4835	34060	2007	5561	167	恐怖/惊悚/
跟踪	1397546	
夜·上海	1788392	27958	4489	40660	2007	4711	333	剧情/爱情/
每当变幻时	2070367	
开水要烫，姑娘要壮	2153266	195	621	256	2007	82	6	剧情/
南京	1941283	
变形金刚	2146991	221270	13610	281576	2009	32676	1396	动作/科幻/
男儿本色	2080133	52396	3029	72253	2007	6980	246	动作/犯罪/
哆啦A梦:大雄的恐龙	26839466	14183	5261	15228	2017	6889	154	动画/冒险/
不能说的秘密	2124724	251812	13968	337551	2007	47621	1316	剧情/奇幻/音乐/
哈利·波特与凤凰社	1457217	153890	4052	203454	2007	15769	321	奇幻/冒险/
天堂口	1926007	
大话股神	2271598	1585	92	1991	2007	226	10	
夜袭	2214084	
香巴拉信使	2224967	1053	1927	1396	2007	339	18	
镖行天下之牡丹阁	2347262	
飞行日志	2237966 
美味情缘	2279912	
太阳照常升起	1766086	109051	30679	148729	2007	30407	1422	剧情/
八月一日	2270516	850	91	1052	2007	228	13	
我的左手	2244793	629	156	832	2007	192	13	剧情/
八月一日宏大战争场面揭秘	2270516	850	91	1052	2007	228	13	
丑女大翻身	2037796	103981	8210	140129	2006	17061	313	喜剧/爱情/
C+侦探	2263112	
基因决定我爱你	2052973	11856	1785	17321	2007	1828	50	喜剧/爱情/科幻/
京都夏利	3162376	
天下第二	2271640	9143	308	11486	2007	1356	41	剧情/喜剧/动作/
怪女孩	25958789	
铁三角	1866131	19889	3174	27810	2007	3274	193	动作/
悟空大战二郎神	2371959	565	172	584	2007	196	3	动画/
独生子	1308311	1297	2440	1690	1936	505	16	剧情/
青藏线	2229629	
光荣的愤怒	1920620	10319	10193	12901	2006	3021	119	剧情/
东方大港	2274465	71	13	85	2007	19	0	剧情/
没有共产党就没有新中国	10806276	105	46	120	2007	50	2	剧情/历史/
星星之火	26711887	
兄弟之生死同盟	2278017	18099	2000	25495	2007	2704	157	剧情/动作/
美食总动员	1793491	170574	14097	219595	2007	24924	619	喜剧/动画/奇幻/
第三个人	1295451	9952	13417	12427	1949	3455	53	黑色电影/悬疑/惊悚/
江北好人	2255998	
印度超人	1861401	1369	426	1763	2006	493	10	动作/冒险/爱情/
天山雪	2326219	69	27	86	2007	18	0	
色，戒	1828115	246398	72239	327705	2007	53952	3295	剧情/爱情/情色/
虎胆龙威4	1401535	
盲山	2063528	65046	30787	81696	2007	22641	973	剧情/犯罪/
箱子	2214141	
阿妹的诺言	3024212	96	37	134	2007	37	0	剧情/
凤凰	2255992	
命运呼叫转移	2279772	45443	1045	65490	2007	4318	254	喜剧/爱情/
倾城之爱	3818607	
投名状	1947089	103252	5252	140643	2007	13538	1219	剧情/动作/战争/
两个人的教室	27115496	1585	2493	1557	2017	754	6	喜剧/
集结号	1907464	117887	7145	154992	2007	17550	1055	剧情/传记/历史/
远山	2079735	
琴麻岛的海	2287362	210	223	283	2009	126	4	
舟舟	3206353	
笛声何处	2299371	397	371	489	2007	180	14	爱情/
棒子老虎鸡	2279587	
小六	2163434	721	338	1044	2007	129	18	
紧急时刻	4287156	122	10	151	2008	45	0	
等郎妹	2988845	281	126	331	2007	94	8	剧情/
金色面具	3814435	
梦之队	4111473	710	291	826	2013	278	4	歌舞/
耳朵大有福	2272222	
蝴蝶飞	2359442	13172	1031	18552	2008	2360	177	剧情/爱情/
错爱	4287133	1315	182	1865	2006	390	5	剧情/爱情/
村主任和他的女友	26411410	99665	2366	93158	2017	58145	1733	剧情/
安娜与安娜	2334073	
一年到头	2363843	4266	4722	5149	2008	1485	78	喜剧/
游侠红牡丹	3324093	76	15	92	2007	32	0	剧情/武侠/古装/
长江七号	1961963	176644	3110	240230	2008	20045	1018	喜剧/科幻/
大灌篮	1950525	87408	1429	115759	2008	11037	415	喜剧/运动/
两个人的房间	27115496	1585	2493	1558	2017	754	6	喜剧/
法官老张轶事之倔萝卜	3151757	
婚礼2008	3074415	4662	185	6424	2008	618	36	剧情/
赎罪	1950148	
神探	2027938	106708	28998	128978	2007	29015	794	动作/犯罪/惊悚/
成为简·奥斯汀	1920805	
盒饭	5323138	85	124	100	2010	32	0	剧情/爱情/
花花型警	3002819	
独当一面	4122102	48	6	60	2008	17	0	
志愿者	3008807	
食神争霸	2999306	3035	806	4076	2007	653	37	喜剧/剧情/
双食记	2052978	53634	9115	73218	2008	12327	605	剧情/爱情/悬疑/
冈拉梅朵	3003092	1356	951	1881	2008	504	46	剧情/爱情/音乐/
江山美人	2988163	
国家宝藏：夺宝秘笈	1607471	71384	3441	97974	2007	7147	242	动作/冒险/喜剧/
PK.COM.CN	2286009	
左右	2059225	19782	5869	29219	2007	3596	463	剧情/家庭/
三国之见龙卸甲	1947091	
史前一万年	1949761	31057	3248	41893	2008	4783	334	冒险/剧情/奇幻/
黄石的孩子	1923474	16664	3360	23759	2008	2428	243	剧情/战争/
扣篮对决	2972591	3258	357	4060	2008	616	29	动作/剧情/家庭/
5颗子弹	2256038	
狂蟒惊魂	2363830	676	118	769	2008	227	13	恐怖/
立春	3036997	
功夫好男儿	4718275	45	6	49	2008	22	1	
功夫之王	1939414	
刺青怨	3714078	84	58	121	2008	33	2	爱情/家庭/
钢铁侠	3231742	209672	21326	248920	2013	72027	706	动作/科幻/
樱桃	6529885	4137	3265	5446	2012	1406	18	剧情/
买买提的2008	3024072	
扈三娘与矮脚虎王英	3400766	456	41	521	2006	113	2	剧情/动作/爱情/
青面兽杨志	3092178	287	32	345	2006	51	1	剧情/武侠/
少林四小龙	3148548	99	58	126	2008	28	1	剧情/动作/
龙之战	2009342	
哈！哈！哈！	3070654	736	127	919	2008	181	2	
时尚先生	3032912	5730	562	8117	2008	984	96	喜剧/剧情/爱情/
淘金俏冤家	1920730	4159	691	5585	2008	706	27	冒险/喜剧/爱情/
葫芦兄弟	1428576	64068	662	86528	1986	8374	66	儿童/动画/
前方一百米调头	3111395	92	23	126	2008	34	0	剧情/
27套礼服	2132120	
潜艇总动员	1303794	1069	755	1307	1996	255	3	喜剧/
追星家族	10766459	
纯爱	3268238	7148	2196	8256	2008	1370	102	剧情/爱情/
深海寻人	2123510	
千钧。一发	2256043	1518	2779	1824	2008	517	27	剧情/犯罪/
牛奶风尚	1926492	
幸福	1418614	1579	2978	1696	1998	371	23	剧情/
义薄云天	1293891	
我人生中最精彩的瞬间	3072884	386	462	488	2008	117	7	剧情/运动/
盘尼西林1944	3115170	
鸟巢	25862279	3789	1032	4482	2015	1399	10	喜剧/
十七	3172056	
尼玛家的女人们	3032543	61	102	74	2007	23	3	
月亮	6313765	
电竞之王	3114904	593	116	723	2008	156	13	
幸福合同	4160433	
马石山十勇士	3239703	178	26	196	2007	76	1	历史/战争/
筑梦2008	3266406	
精舞门	3212106	19755	1017	27039	2008	2999	173	动作/喜剧/
野蛮的温柔	3065473	
全民超人汉考克	1949312	124777	6093	165653	2008	15244	765	动作/犯罪/奇幻/
烽火	2972499	
旗鱼	1304608	46440	10427	58852	2001	7177	80	动作/惊悚/犯罪/
无法结局	3286475	
赤壁(上)	1465829	120896	4197	162273	2008	17005	1676	动作/冒险/剧情/
极限救援	3118930	
破冰	10344754	113571	17727	132581	2012	44661	778	剧情/动作/犯罪/
向钱冲，向前冲	3158751	
圣经里的秘密	2133323	147631	61377	167346	2013	54571	911	剧情/喜剧/冒险/
十全九美	3126196	87193	2554	116141	2008	12209	444	喜剧/
荒村客栈	2277019	7781	361	10090	2008	1686	73	悬疑/惊悚/恐怖/
无敌浩克	1866475	
欣月童话	2277015	295	303	422	2008	87	7	
嫁妆	6038021	
入殓师	2149806	324028	84285	408754	2008	74067	3431	剧情/
八十一格	3189967	
滚拉拉的枪	3193264	1030	1372	1275	2008	327	26	剧情/儿童/
李米的猜想	3230459	166943	26650	219696	2008	34728	2475	犯罪/剧情/爱情/
保持通话	2359431	107223	4238	143947	2008	15281	554	动作/
画皮	2135981	
即日启程	3250377	38947	3260	51040	2008	5495	236	剧情/喜剧/
通缉令	1945336	
真功夫之奥运在我家	3210978	404	154	486	2008	97	3	剧情/动作/动画/
武术之少年行	1950530	884	139	1114	2008	184	14	动作/剧情/家庭/
超强台风	3266407	7398	610	8746	2008	2327	141	剧情/科幻/灾难/
北京等待	2124750	
海上梦境	3071252	1555	1946	2308	2008	320	32	剧情/
007：大破量子危机	1946882	
过界	19944289	11500	2402	13614	2013	4097	104	剧情/爱情/
车逝	3239695	
马桶上的甜蜜生活	3222874	89	106	115	2008	35	2	
胡同里的阳光	2225498	
味道男女	3278775	624	107	767	2008	227	3	剧情/
离爱只有半米远	3598368	
桃花运	3268216	60185	2203	80844	2008	7423	579	喜剧/剧情/爱情/
证人	3312344	
烈焰奇侠：黄金军团	1873750	35464	3046	45282	2008	4968	139	动作/冒险/奇幻/
硬汉	2222995	
梅兰芳	1891179	89256	11429	116739	2008	14705	1838	传记/剧情/历史/
结婚前奏曲	3993454	
叶问	3041806	194022	5812	251717	2008	22644	1090	动作/传记/剧情/
诡计	26665873	
非诚勿扰	3313801	257008	7417	338853	2008	32286	2195	喜剧/爱情/
小英雄雨来	3406827	
赤壁(下)	3291930	93208	6272	121414	2009	12331	781	动作/剧情/历史/
家有喜事2009	3244162	
仙境之桥	1860745	50592	16799	63026	2007	13224	512	剧情/奇幻/冒险/
谁动了我的幸福	3538072	
高兴	3607666	36885	2877	48458	2009	6089	385	喜剧/剧情/
玩命快递3	3018122	
夜玫瑰	3596506	1770	902	2110	2009	792	42	喜剧/剧情/爱情/
爱得起	3447595	
行动目标希特勒	2028647	36217	7520	45378	2008	5731	306	剧情/历史/战争/
护宝娇娃	3558655	
七龙珠	1782006	38981	1265	49066	1986	5004	29	喜剧/动画/奇幻/
腾越殇魂	3609154	
袁隆平	3737287	181	55	246	2009	90	3	
玩家	1309070	
蟹蟹侬	3304011	105	76	138	2009	33	0	剧情/喜剧/
泰山功夫	3629261	61	23	75	2009	23	1	剧情/动作/
东邪西毒：终极版	3726072	92566	14660	122633	2008	21693	603	剧情/动作/爱情/
大战外星人	2028650	24064	4554	29623	2009	4117	138	动画/动作/冒险/
古宅魂迷	3012388	251	78	290	2009	74	8	
缘来是爱	4135721	35	25	36	2009	12	1	剧情/儿童/
红河	3111650	18361	4032	24208	2009	3403	249	剧情/爱情/
决战太原	4886295	
机动部队-同袍	3391271	7572	985	9524	2009	1197	79	动作/犯罪/剧情/
彼岸	4074143	
拉贝日记	2294565	21089	12081	27015	2009	3505	258	传记/剧情/历史/
金刚狼	1792928	144137	9138	182253	2009	22065	378	动作/奇幻/科幻/
车票	3290451	2438	663	3131	2008	694	69	剧情/
鏖兵天府	3732579	
东方巨响	3115174	62	33	77	1999	24	0	纪录片/
星际迷航	26656750	
铁人	1432146	219584	8559	276740	2008	35523	552	动作/冒险/科幻/
南京的那个夏天	3737284	
男生贾里新传	3221902	802	712	1040	2009	251	16	
同学	3780369	
潘作良	3756707	78	23	96	2009	35	1	传记/
终结者2018	1410556	63633	8370	79318	2009	10000	480	动作/冒险/科幻/
欠我十万零五千	3737290	3309	352	4131	2009	692	17	剧情/喜剧/
水脑袋	3814081	13899	4397	16486	2009	3385	75	动画/短片/
生日	6738775	1822	516	2322	2011	508	2	短片/
让我为你靠点谱	3992617	
金山	2209383	2197	1126	2768	2009	583	22	剧情/
牛铃响叮当	26941790	
寻找成龙	3737278	10984	890	13763	2009	2126	74	儿童/喜剧/家庭/
夜·店	3683409	126012	6222	161194	2009	24368	372	喜剧/
大内密探灵灵狗	3670447	109174	5763	141792	2009	18374	223	喜剧/
哆啦A梦：大雄与绿巨人传	2977870	
木香镇传奇	4122197	52	5	69	2009	18	1	
机器侠	3990500	
国家要案	1905786	14742	4830	17823	2009	3261	126	剧情/悬疑/惊悚/
白银帝国	3445526	
飞吧霹雳	3928375	45	12	54	2009	18	3	
气喘吁吁	3389558	
万家灯火	1419052	1594	1836	2062	1948	573	16	剧情/
爱有来生	3155477	56778	13662	71898	2009	19078	1079	剧情/爱情/
沂蒙六姐妹	3778246	1552	828	1886	2009	555	27	剧情/战争/
大明宫	5356803	
达达	3243637	1715	2812	2488	2008	612	25	剧情/
谁主沉浮	3918528	
铁流1949	4073876	206	25	256	2009	75	3	剧情/战争/
惊天动地	1300618	
窈窕绅士	3897667	58717	3404	77286	2009	11895	191	喜剧/爱情/
第一军规	3899166	
风声	3734112	268569	20291	331553	2009	58880	1662	犯罪/剧情/惊悚/
狼灾记	3231724	
麦田	3582229	16959	5329	21213	2009	5100	297	动作/剧情/历史/
皇家刺青	3189969	
特工008	3293034	2500	318	3119	2008	713	20	动作/
秘岸	3011906	
欠债还情	5285699	2334	262	2861	2010	811	9	喜剧/
天生幻想狂	3763241	
阿童木	1917074	39117	14481	50612	2009	8049	248	动画/动作/家庭/
医痴叶天士	4116995	
光之美少女：充满秘密的玩具王国	24858416	72	292	82	2013	26	0	动画/
玫瑰余香	4917707	
7天爱上你	3757161	7832	1266	10058	2009	2174	75	剧情/喜剧/爱情/
罪与罚	3731463	
隋朝来客	3737283	20613	887	25646	2009	4313	86	剧情/喜剧/
狐女	4858756	40	2	52	2010	14	0	
小人国	3778273	1024	1876	1328	2009	419	16	纪录片/
火星没事	3892235	
暮光之城	2268359	275471	10807	358812	2008	52267	1491	剧情/爱情/惊悚/
美味情歌	3681693	291	82	357	/108	2	
濠河边上的女人	6080849	27	16	39	2009	12	0	剧情/历史/战争/
第九区	3006772	
奥戈	4166383	84	109	102	2009	38	1	剧情/
刺陵	3305722	
午夜出租车	3999737	6662	963	8018	2009	2016	59	恐怖/
逃亡者	1303562	
邻家特工	3179758	65841	4092	85295	2010	10977	108	喜剧/动作/家庭/
孔子	3606975	60633	6669	72311	2010	16242	1110	传记/剧情/
喜羊羊与灰太狼之虎虎生威	4082101	15246	4003	18701	2010	4084	105	儿童/动画/
锦衣卫	3754946	102162	7788	127231	2010	22670	737	剧情/动作/惊悚/
连环扣	1303123	447	1284	599	2001	133	8	剧情/爱情/悬疑/
苏乞儿	1297863	137475	1605	187752	1992	8808	60	喜剧/动作/古装/
花田囍事2010	3804746	56578	2779	73777	2010	10607	69	喜剧/
全城热恋	4066206	
亚瑟和他的迷你王国2	1981642	9454	2493	12359	2009	1743	17	动画/
大侦探福尔摩斯	2998270	193372	25530	236684	2009	46518	725	动作/冒险/犯罪/
极限空间	3094580	15360	7056	18576	2007	4873	106	悬疑/惊悚/
好雨时节	3401409	
大胃王	2357397	5781	457	7099	2010	1527	41	喜剧/
不要回头	2213119	
篮球小皇帝	3206681	5181	4427	6117	2008	1548	27	纪录片/运动/
迷魂陷阱	3244066	1105	342	1317	2008	362	7	惊悚/
武动青春	3728375	268	129	338	2010	106	5	动作/
波西·杰克逊与神火之盗	3090455	38232	4977	45146	2010	10061	230	冒险/奇幻/
越光宝盒	3928370	110718	7212	138141	2010	28795	592	喜剧/奇幻/
爱丽丝梦游仙境	2336785	
云上的人	1291558	49731	42582	74552	1995	10626	316	剧情/爱情/情色/
火龙对决	3993708	
澳门1949	4363034	219	55	266	2010	60	8	剧情/
孤胆拯救	3011600	
弹.道	3156600	4579	1688	5690	2008	1320	44	动作/惊悚/
天上掉下个林妹妹	2284425	
预审	4251801	728	97	920	2010	281	5	剧情/犯罪/
岁月神偷	3792799	
快枪手	26219893	15589	930	16530	2016	7083	225	喜剧/动作/
孤堡惊情	2122766	
东风雨	3562446	17579	1750	21967	2010	8714	271	剧情/
A面B面	3426848	
武林外传动画版	4827532	1109	83	1345	2010	254	2	动画/古装/
冰刀双人舞	4826768	53	10	75	2010	25	0	
圣地额济纳	4097249	51	53	61	2010	17	2	
情定敖木仑	10574468	370544	29969	445869	2013	136189	2504	喜剧/爱情/
三笑之才子佳人	3993553	12469	726	14896	2010	3909	70	喜剧/古装/
拉卜楞人家	4833561	67	59	89	2010	29	1	剧情/
夺命手机	3346995	11079	1524	14034	2009	2608	58	动作/犯罪/悬疑/
感情生活	3767411	1608	547	2074	2010	634	25	剧情/
别跟狗较劲	5954078	155	22	195	2010	62	0	喜剧/
镖行天下前传之四百里加急	5355168	368	43	467	2010	84	0	剧情/动作/古装/
钢琴小神童	1900840	24644	28738	32128	2006	5940	274	剧情/音乐/
犹太女孩在上海	5374399	
超蛙战士之初露锋芒	3811388	619	353	677	2010	273	27	科幻/动画/冒险/
高度怀疑	3006781	13087	6479	16115	2009	4330	69	犯罪/剧情/悬疑/
异度公寓	4827536	3772	422	4317	2010	1651	58	惊悚/
非常女秘书	5423380	129	19	152	2010	78	0	剧情/爱情/
算命	4073872	10109	16294	12551	2009	3971	114	纪录片/
不是闹着玩的	4707225	
手语时代	4827937	36	66	62	2010	19	0	
北纬31度录像带	4822341	
香奈儿秘密情史	3172300	14583	9524	21059	2009	4057	117	剧情/爱情/
和声	4861627	38624	21583	47350	2010	13196	237	剧情/
摇摆de婚约	4707209	36481	2304	49205	2010	9170	132	剧情/喜剧/
杨雄与石秀	5341811	
玩具总动员3	1858711	191437	35542	241731	2010	46716	966	喜剧/动画/奇幻/
碧罗雪山	4833562	
海洋天堂	4004731	95176	27215	123539	2010	26119	593	剧情/
电影频道传媒大奖	1297531	6263	7811	7523	1976	2378	44	剧情/
刺水	4849954	175	44	199	2009	59	1	剧情/
村官普发兴	4903618	39	11	50	2010	19	2	
叶问前传	4134631	18601	1516	23729	2010	3591	78	动作/
枪王之王	4133988	103713	9145	131881	2010	25046	588	动作/悬疑/惊悚/
嘻游记	4843641	17629	1693	21194	2010	6088	75	喜剧/
惊情	1293124	97273	30495	127716	1992	19588	332	恐怖/爱情/
唐伯虎点秋香2	1306249	320781	4316	427472	1993	36373	184	喜剧/爱情/古装/
大国手之胜者为王	1298252	24117	1329	34049	2000	2794	33	犯罪/惊悚/
梦回金沙城	4603376	746	737	870	2010	396	34	剧情/动画/奇幻/
黑色闪电	4297254	
镖行天下前传之编外人选	5355174	285	22	359	2010	46	0	
七小罗汉	4881121	
初恋红豆冰	3745292	53948	18666	69875	2010	18355	514	喜剧/爱情/
等着你回来	3851822	
恋爱通告	4707230	100298	9254	130089	2010	30003	500	喜剧/爱情/
阿黛拉的非凡冒险	3628370	
荒村公寓	3566540	12906	2088	16242	2010	4672	62	惊悚/
怪物史瑞克4	2072478	
龙凤店	4735944	29654	927	38554	2010	7073	70	喜剧/爱情/古装/
世博总动员	4903626	2027	495	2133	2010	705	12	
大国手之扬州论枰	5912979	394	53	497	2010	96	2	古装/
最后的风之子	2363919	
线人	4133814	95362	11820	122276	2010	25327	526	动作/剧情/惊悚/
哎	5265166	
盗梦空间	3541415	796213	95622	992173	2010	206854	5038	剧情/动作/科幻/
夕花朝拾	5265130	
一只狗的大学时光	4812761	2443	1987	3126	2010	921	31	剧情/喜剧/爱情/
举起手来2：追击阿多丸	4926002	15169	1330	19398	2010	3348	42	喜剧/
心灵搏击	1293978	98	60	107	1999	9	1	喜剧/剧情/运动/
守望者	1972698	
步步惊心	5384548	91312	5867	101511	2011	31469	1260	剧情/爱情/
泡芙小姐的金鱼缸	5284554	10584	847	14326	2010	2823	28	动画/
精武风云·陈真	3792816	56334	4962	70525	2010	17076	598	动作/
江湖再见	3586716	143	111	183	1991	42	2	
米香	3609001	1325	1402	1723	2009	500	30	剧情/
查理曼大帝密码	3676887	
双重追击	2074344	677	180	827	2007	225	6	喜剧/爱情/犯罪/
感染列岛	2983135	4102	869	4970	2009	1297	33	剧情/科幻/惊悚/
阿泽的夏天	5296754	5575	307	7482	2010	1213	5	短片/
绝命岛	4922850	5555	545	6491	2010	2579	82	喜剧/
玩命魔术	6886467	263	41	314	2010	142	2	悬疑/
L.I	26287804	
华尔街2：金钱永不眠	3103683	40073	17798	51030	2010	12203	305	剧情/犯罪/
我是植物人	4861395	
华尔街：金钱永不眠	3103683	40073	17798	51030	2010	12203	305	剧情/犯罪/
外滩佚事	4111495	
爱情维修站	5044741	8801	1023	11187	2010	2141	47	剧情/
迷城	25837175	32285	2655	37278	2015	12558	135	动作/犯罪/惊悚/
虎头要塞之舌头	20262301	27	1	33	2010	10	0	战争/
跟我的前妻谈恋爱	5282454	
天上人	5270345	39	96	54	2010	22	1	
泰若星球	4826177	4362	1402	4324	2011	1360	22	科幻/冒险/
西风烈	4082544	29755	4293	36705	2010	11113	466	剧情/动作/犯罪/
永生羊	5353077	177	345	247	2010	92	9	剧情/
功夫·咏春	5250341	2802	207	3535	2010	937	53	动作/
密室之不可告人	4894075	
日照重庆	4824223	18853	12380	25042	2010	6468	224	剧情/
康定情歌	5045804	
西游新传	4917723	160	236	187	2010	66	4	
爱出色	4711195	
老虎都要嫁	4233892	1829	403	2416	2010	599	11	喜剧/爱情/
生化危机：战神再生	3041294	
李小龙我的兄弟	4915135	7063	1922	8728	2010	2346	115	剧情/传记/动作/
爱在微博蔓延时	5374357	
永恒之火	4016665	86	144	113	2009	30	3	纪录片/运动/
幸福在2010	5382893	
在一起	26794215	69748	67978	59588	2016	23740	510	喜剧/
我的幸福	4824145	
赵氏孤儿	3546019	117185	8412	145944	2010	38655	1600	剧情/动作/历史/
大国手之天下无敌	5407087	
回忆之前忘记之后	5379962	79	1329	103	2010	41	6	剧情/
午夜心跳	4894074	
恋人絮语	4043763	37751	23525	51115	2010	14333	281	剧情/爱情/
一路有你	3574559	13449	2747	17577	2010	4271	145	剧情/爱情/
纳尼亚传奇：黎明踏浪号	2131291	46028	11282	58337	2010	12768	232	剧情/奇幻/冒险/
创：战纪	2997134	
喜羊羊与灰太狼之兔年顶呱呱	5364978	7680	1002	9420	2011	2614	65	喜剧/动画/
武林外传	3882715	120542	3445	139288	2006	26212	315	喜剧/武侠/古装/
冰冷热带鱼	4830236	17059	13222	20890	2010	6844	114	剧情/犯罪/惊悚/
我爱HK开心万岁	5318665	
我知女人心	4845414	56780	2539	75879	2011	15522	168	喜剧/爱情/
熊猫总动员	4913184	997	207	1162	2011	470	19	儿童/动画/家庭/
青蜂侠	2147836	61895	7988	75742	2011	21981	316	喜剧/动作/犯罪/
将爱情进行到底	4896263	
致命伴旅	4190211	127598	21094	163099	2010	47976	612	剧情/悬疑/惊悚/
丛林有情狼	3026555	
金门新娘	5256480	91	44	125	2010	46	3	
再吻我一次	3317125	
致命请柬	5992886	1751	272	2054	2011	919	35	剧情/悬疑/惊悚/
幸存日	5415664	917	257	1101	2011	344	6	悬疑/惊悚/
奇袭60阵地	3681128	3900	1377	4748	2010	1182	37	剧情/历史/战争/
寻龙夺宝	5355365	
惊沙	5343383	538	231	635	2011	253	23	历史/战争/
刀见笑	4051608	22453	5306	27085	2011	9255	308	喜剧/动作/古装/
琴动我心	5924216	270	52	336	2010	125	5	剧情/
上苍保佑	6396691	
房不剩防	4960204	4448	703	5713	2011	1328	46	喜剧/爱情/
守望者：罪恶迷途	4821015	14387	3204	17143	2011	6273	332	剧情/犯罪/悬疑/
侠盗石川	2301772	10488	3011	12443	2009	3508	102	剧情/动作/
硬汉2：奉陪到底	4917698	27150	2406	34524	2011	8287	154	动作/爱情/
宅男总动员：女神归来	5345423	4218	317	5173	2011	1723	32	喜剧/爱情/
蔡李佛—极限拳速	6013880	
那些一见钟情的事	6078900	346	188	436	2011	146	4	剧情/爱情/
米克的近路	4067195	
西藏往事	4116937	2914	1531	3947	2010	1229	38	剧情/爱情/
万有引力	4906427	
激战运钞车	2058846	7346	1222	8911	2009	2144	74	动作/犯罪/惊悚/
美少女特攻队	3262050	46135	10989	55210	2011	19138	506	动作/奇幻/惊悚/
藏客	5969336	50	24	62	2011	13	1	历史/
倩女幽魂	1297447	
赢家	5954347	14266	866	17641	2011	4299	78	剧情/
美好时光	4817020	1487	1799	2024	2010	298	0	喜剧/动画/
跟踪孔令学	4910183	8846	1160	11004	2011	3098	94	喜剧/悬疑/
B+侦探	4118060	
恐龙宝贝	6104783	146	30	158	2011	51	2	动画/
劳拉的星星在中国	5163546	
大太阳	5977833	187	315	240	2011	91	17	剧情/
乌鲁木齐的天空	6110557	
最爱	4843637	117808	25144	153722	2011	39612	1259	剧情/爱情/
百年情书	5915794	
宇宙英雄之超银河传说	3929463	3145	1702	3734	2009	1365	44	动作/冒险/家庭/
大震撼	6383549	
宿醉2	3654340	82031	12933	102679	2011	23586	97	喜剧/
守护童年	4713993	
狗头金	6129688	48	20	62	2010	16	2	剧情/犯罪/西部/
功夫熊猫2	3233635	
绝代-末代女土司	6425103	204	86	262	2011	82	5	剧情/动作/惊悚/
岁岁清明	4910198	
北川重生	6519582	64	21	81	2011	39	1	剧情/
敏感事件	4922802	
男得有爱	5337543	2413	758	3027	2011	797	12	喜剧/爱情/
超能游戏者	6428516	3394	770	4182	2009	1166	39	动作/科幻/犯罪/
雪花秘扇	4135434	58353	11851	74556	2011	22188	691	剧情/历史/
电影频道传媒大奖	1297531	
秋之白华	5343629	6565	3238	8542	2011	2766	115	剧情/传记/历史/
财神客栈	4707596	36214	1589	45840	2011	11618	131	喜剧/动作/悬疑/
重来	6874403	165371	75443	187719	2013	62737	915	喜剧/爱情/音乐/
飞天	6519585	
迷途追凶	4310059	7545	1385	9311	2011	2567	54	犯罪/惊悚/
战略特勤组	2275370	
孤岛惊魂	5364987	31420	3886	37412	2011	12634	344	悬疑/惊悚/恐怖/
钢的琴	4876722	172467	64139	212902	2010	57798	1710	剧情/喜剧/
终极快递	3718493	8251	1120	10465	2010	2646	24	喜剧/
杨善洲	6519575	
一夜未了情	6527170	8428	1235	11270	2011	3154	98	剧情/爱情/
赛尔号之寻找凤凰神兽	6078953	
蛋炒饭	6083109	12011	2773	14756	2011	4917	144	剧情/喜剧/
郭明义	6013758	
爱到底	3552301	18351	5275	24070	2009	5405	126	短片/喜剧/剧情/
雷锋侠	26266928	
黑夜 白天 出租车	6778687	43	16	52	2011	16	2	剧情/爱情/家庭/
摩尔庄园冰世纪	6389522	1004	324	1079	2011	388	10	儿童/动画/奇幻/
无极限之危情速递	5337532	6833	682	7316	2011	3396	87	喜剧/动作/爱情/
女巫季节	3017651	
赛车总动员2	3036478	47888	10043	59125	2011	13207	141	喜剧/动画/冒险/
我们的傻老哥	4900088	
通道转兵	6519563	92	19	110	2011	36	1	历史/
幸福卡片	5319823	
美国队长	6390823	215908	15403	251375	2014	69562	497	动作/科幻/冒险/
全球热恋	5290729	
大武生	5355187	39740	2931	49010	2011	16707	548	剧情/动作/爱情/
狂暴飞车	4014405	23915	2731	30016	2011	7772	99	动作/犯罪/奇幻/
英雄喋血	6792683	460	129	550	2011	216	20	剧情/
挪威的森林	3168086	
抵抗！抵抗！	6852390	46	15	65	2011	20	1	历史/战争/
辛亥革命	4896305	
画壁	5194471	88450	2169	107035	2011	34525	964	剧情/动作/爱情/
夏日乐悠悠	6514105	
完美的爱	5366661	277	78	349	2011	141	16	剧情/爱情/
正·青春	6796180	4294	390	5520	2011	1926	60	剧情/
竞雄女侠秋瑾	5924360	2910	591	3416	2011	1260	76	剧情/传记/动作/
闯堂兔	6843093	
假如没有你	6855757	572	567	776	2011	257	8	剧情/爱情/
哥伦比亚马戏团	3671936	98	579	127	2010	52	4	剧情/喜剧/爱情/
床下有人	6753096	4761	347	5623	2011	2465	94	悬疑/惊悚/
信义兄弟	6872239	
双重身份	3407821	1672	246	2124	2009	682	19	犯罪/惊悚/
幸福额度	6225992	
与时尚同居	6101834	24999	4089	31719	2011	9869	185	喜剧/爱情/
梦游	2037834	
风铃	6900614	161	18	192	2011	54	1	剧情/
鸡妈鸭仔	6001034	1003	640	1211	2011	476	34	动画/
先遣连	6855101	98	52	129	2011	55	0	剧情/历史/
不明身份	3614963	
寻找刘三姐	4223304	947	158	1146	2009	387	8	喜剧/剧情/音乐/
星空	5993185	
转山	5318669	74276	30515	93241	2011	31751	956	剧情/冒险/
Hello！树先生	4135710	
铁甲钢拳	1972729	160399	20645	191603	2011	55697	868	剧情/动作/科幻/
宅男电台	6894068	
北角	6514087	480	401	602	2011	218	39	剧情/
光棍终结者	6815117	
郎在对门唱山歌	6126445	1208	1617	1448	2011	642	34	剧情/音乐/歌舞/
爱情天梯	10594977	521	476	702	2011	280	16	剧情/爱情/
午夜凶梦	6013868	2319	251	2701	2011	705	22	悬疑/惊悚/恐怖/
驱魔者	2028661	17806	3855	21627	2011	5916	99	动作/科幻/惊悚/
开心魔法	6717575	9954	581	12127	2011	3602	67	喜剧/奇幻/
鸿门宴传奇	5908477	
赛车传奇	6396689	1558	159	1887	2011	680	17	剧情/动作/爱情/
深海之战	4861402	
张艺谋和他的金陵十三钗	7065229	7046	2032	9047	2011	2180	28	纪录片/
魔法奇幻秀	2282449	33382	22014	41430	2009	11639	178	冒险/奇幻/悬疑/
不怕贼惦记	6110563	7905	1651	8719	2011	1262	39	剧情/喜剧/悬疑/
父亲	4154555	
婚前试爱	5285669	50549	4932	68137	2010	16013	196	剧情/爱情/
龙门飞甲	4896304	
37℃爱	1302827	189103	63420	242735	2001	42132	934	冒险/剧情/科幻/
亲密敌人	6062731	56574	4210	70299	2011	19504	316	剧情/爱情/
梦宅诡影	3818565	9476	3115	11471	2011	3762	88	剧情/悬疑/惊悚/
玩命狙击	7056769	
深度谜案	1950192	19533	8532	24290	2008	5891	189	犯罪/悬疑/惊悚/
行歌坐月	6849056	
绝录求生	7055675	1268	376	1430	2012	899	35	悬疑/惊悚/
亲家过年	6971017	
大魔术师	4913200	129642	13455	158574	2012	50018	573	剧情/喜剧/爱情/
喜酒	5942150	
胡桃夹子：魔境冒险	3012819	11333	4519	14388	2010	4314	84	动作/家庭/奇幻/
开心大冒险	7065352	
饭局也疯狂	6788265	29049	2206	36193	2012	10203	138	剧情/喜剧/
八星抱喜	6873331	
惊魂游戏	6536267	1303	196	1560	2011	618	32	悬疑/惊悚/
虫样年华	10465119	
自古英雄出少年之岳飞	6974003	141	56	186	2011	56	1	儿童/喜剧/历史/
夺命金	3532614	
变身男女	6714088	18044	1212	22964	2012	5947	80	剧情/爱情/
我愿意	6782006	
夜店诡谈	6110569	2237	381	2665	2012	1208	83	惊悚/情色/
孙子从美国来	10467774	
特工维诺德	3600769	186	65	224	2012	80	1	动作/
苏黎世情缘	3148699	
国王的演讲	4023638	333385	73320	424976	2010	80184	1174	剧情/传记/历史/
爱	4798707	
浮出水面的影子	6038023	498	324	572	2012	254	37	剧情/悬疑/惊悚/
乌龙戏凤2012	10432937	
战马	4206436	156097	35748	188411	2011	58385	1375	剧情/战争/
双城计中计	6890469	
红鹰侠	5044742	974	205	1204	2010	447	19	动作/科幻/惊悚/
灵魂中转站	10487603	307	47	375	2012	112	3	剧情/短片/
非常小特工之时间大盗	4058963	6232	994	7954	2011	2082	28	动作/冒险/喜剧/
变节：潜罪犯	6811422	
女人如花	6876057	1061	238	1260	2012	599	21	剧情/爱情/
仰望星空	7062600	
高举爱	6781967	3283	2096	4245	2012	1240	28	剧情/爱情/
索马里真相	6889755	
兵临城下之决战要塞	5361544	9802	5021	11950	2010	3118	88	剧情/动作/历史/
我和你	6384752	
玩命追踪	3238087	19003	3272	24185	2011	5704	95	动作/犯罪/惊悚/
神通乡巴佬	10487240	
初到东京	6428132	3428	3376	4190	2012	1380	47	剧情/爱情/
饮食男女2012	6037977	
死亡迷局	5342081	229	53	273	2012	125	9	剧情/悬疑/惊悚/
诸神之怒	4824515	
神马都是浮云	6710796	817	84	960	2012	316	17	喜剧/
绣花鞋	6855094	
台北飘雪	3632506	9571	5600	13157	2009	4063	85	剧情/
泰坦尼克号	1292722	
一夜成名	6755902	841	139	970	2012	444	20	剧情/喜剧/音乐/
纽约行动	2996752	
我是中国人	6845675	417	83	478	2011	198	3	剧情/战争/
荒岛情未了	5951224	633	62	726	2012	326	23	悬疑/惊悚/冒险/
黄金大劫案	6080775	133357	11215	159960	2012	49751	1151	剧情/喜剧/动作/
云上太阳	4841182	
我是大熊猫	10583296	181	41	207	2012	87	1	动画/冒险/
与妻书	5915794	
月色狰狞	10553094	306	85	350	2012	136	2	动作/悬疑/
复仇者联盟	1866479	
追凶	26883064	174555	35453	154559	2017	65649	1132	剧情/犯罪/悬疑/
飞越老人院	6872244	35445	16738	43244	2012	14669	480	剧情/喜剧/
今天·明天	10583882	141	1003	160	2012	69	4	儿童/动画/
三个火枪手	4035906	
我十一	5044737	44152	17530	55375	2012	16707	372	剧情/犯罪/
忠诚与背叛	10746136	1057	124	1307	2012	617	11	剧情/历史/
浮城大亨	10586620	14335	3525	17485	2012	5663	145	剧情/
神勇投弹手	10734527	
雨果	2028677	130762	45098	158672	2011	49357	683	剧情/儿童/传记/
潜艇总动员2	10748141	
醉后一夜	6722888	18665	3812	23923	2012	8098	74	喜剧/爱情/悬疑/
白雪公主之魔镜魔镜	5967821	
37	1859053	4075	15577	5862	2006	1193	40	剧情/
戚继光英雄传	10757012	873	133	895	2012	444	17	剧情/动画/传记/
雅典娜：无间谍局	10758223	1964	360	2512	2011	768	17	动作/爱情/悬疑/
马达加斯加3	3178770	
第一次	27103757	33163	20547	26561	2017	11886	543	剧情/喜剧/爱情/
笔仙惊魂	25828701	
半夜不要照镜子	10569133	2544	740	2896	2012	977	40	悬疑/惊悚/
蓝调海之恋	10740290	
勇敢传说	3036473	87921	28489	102940	2012	31754	323	喜剧/动画/奇幻/
边防站	10833850	43	13	52	2012	13	1	剧情/
特工争风	4301278	24774	5778	29867	2012	10945	85	喜剧/动作/爱情/
擒爱记	10554941	4544	660	5831	2012	1753	25	喜剧/爱情/
猪猪侠之囧囧危机3D	26358025	1207	801	1315	2015	864	5	喜剧/动画/冒险/
悬赏	11531725	
非常绑匪	5924218	824	62	1004	2011	364	3	剧情/喜剧/
青春搏击	10601033	
一八九四·甲午大海战	6080772	6068	835	7085	2012	2961	207	剧情/历史/战争/
搜索	6799191	
四大名捕	10604892	41147	3164	48632	2013	14515	274	动作/悬疑/奇幻/
绝色武器	10828426	5291	318	6442	2012	2044	41	动作/爱情/
爱的面包魂	6858739	10714	2238	13369	2012	4467	61	剧情/喜剧/爱情/
母语	6855108	
宝马狂想曲	6901135	1360	140	1630	2012	539	10	喜剧/
神探亨特张	6880590	
在劫难逃	4308001	14641	2490	17682	2011	5097	77	剧情/动作/悬疑/
老雷斯的故事	3893805	20657	7523	24948	2012	8047	80	动画/奇幻/家庭/
机械师	1309160	71663	34663	90393	2004	18999	262	剧情/悬疑/惊悚/
平壤之约	10478122	1050	426	1208	2012	825	15	剧情/
请叫我英雄	25899379	31450	11795	34738	2016	13525	185	动作/恐怖/
听风者	6041191	
我爱灰太狼	24325767	1610	1318	1762	2013	708	12	喜剧/动画/
拯救第365天	10866863	143	115	163	2012	87	11	动画/奇幻/冒险/
消失的子弹	6991110	79117	13830	95027	2012	31092	525	动作/悬疑/犯罪/
林肯律师	2996790	29833	13373	35605	2011	9447	95	剧情/惊悚/犯罪/
河东狮吼2	6221409	24252	1365	29597	2012	10859	220	喜剧/动作/爱情/
华丽之后	6068517	5222	1561	6271	2012	2228	124	爱情/音乐/
边境风云	11501396	60628	11881	71266	2012	24571	570	剧情/犯罪/
天津闲人	10864754	3530	4171	4326	2012	1643	24	剧情/喜剧/
一起飞	6946773	4663	297	4970	2012	1636	23	喜剧/爱情/奇幻/
爆笑角斗士	6534064	
哭笑不得	7051307	908	92	1109	2012	395	9	喜剧/爱情/
守株人	7053739	
超凡蜘蛛侠	6082518	130784	11159	152226	2014	47394	516	动作/科幻/冒险/
普罗米修斯	3771562	192412	29157	228118	2012	69603	1491	科幻/惊悚/冒险/
稍安勿躁	10617749	1889	433	1993	2012	1403	38	剧情/喜剧/
秘鲁大冒险3D	26277313	
黑衣女人	5156706	15026	4366	18076	2012	7228	119	剧情/惊悚/恐怖/
毕业那年	10759842	
渡江！渡江！	10527199	486	69	513	2012	200	0	历史/战争/
危险关系	6527269	
二次曝光	6878446	106536	12407	134505	2012	43190	851	剧情/爱情/悬疑/
萨米大冒险	3074533	3642	1357	4582	2010	1191	26	动画/冒险/
飓风营救2	3606971	70841	8245	85740	2012	23362	274	剧情/动作/犯罪/
吴仁宝	11627084	
最长的拥抱	11594964	417	270	515	2012	179	16	爱情/
男人如衣服	10606939	8236	2062	10339	2012	2930	44	喜剧/爱情/
拳皇	27013044	718	284	544	2017	316	11	动画/
岁月无声	6126441	
大碗茶	10738246	207	254	266	2012	96	0	剧情/
安娜·卡列尼娜	6110546	49125	42640	61130	2012	22061	417	剧情/爱情/
湘南起义	11636794	512	31	516	2012	177	4	剧情/战争/
诡爱	11636413	
三个未婚妈妈	10813354	1622	7728	1976	2012	802	31	剧情/
暮光之城4：破晓(上)	4889554	
冰雪11天	10810268	675	140	786	2012	274	14	剧情/灾难/
无敌破坏王	6534248	
缘来是咱俩	5256426	179	90	222	2010	59	6	喜剧/爱情/
横山号	10521681	105	28	136	2012	44	1	剧情/
新妈妈再爱我一次	1432972	34185	6654	50576	1988	8081	129	剧情/家庭/
天生爱情狂	10456963	
幸福迷途	10567087	1852	523	2320	2012	849	59	剧情/爱情/
一次别离	5964718	
守护者联盟	26589957	10779	5382	6319	2017	2784	76	动作/科幻/
给野兽献花	6389532	
八卦宗师	10583890	1026	132	1186	2012	498	28	动作/武侠/古装/
目击者	11600078	
少年派的奇幻漂流	1929463	600471	75001	721080	2012	201284	6800	剧情/奇幻/冒险/
无间罪	11612905	
王的盛宴	4202204	58712	9301	66248	2012	20395	892	历史/古装/
飞扬的青春	11632726	136	80	159	2012	65	3	剧情/
铁线虫入侵	6839145	29292	4772	33911	2012	9870	155	剧情/惊悚/灾难/
小鱼吃大鱼	20278801	3011	660	3661	2012	1295	51	喜剧/爱情/
人再囧途之泰囧	10574622	434505	22290	519716	2012	154331	1932	喜剧/
十二生肖	4212172	186077	10474	223944	2012	60551	745	喜剧/动作/冒险/
凶间雪山	10478207	4936	947	5836	2012	2258	101	惊悚/恐怖/
桃枝的桃	20429392	
秘密花园	4967578	65531	7980	73857	2010	20458	449	剧情/爱情/科幻/
南方大冰雪	20427700	
金箍棒传奇	20411172	1274	1081	1524	2012	668	21	喜剧/动画/冒险/
玩命时光	4942768	162	179	203	2012	93	6	惊悚/奇幻/
犀利人妻	10461368	6222	1055	7822	2012	2680	29	爱情/
大叔，我爱你	10827168	
危情营救	6999296	1498	3358	1607	2012	914	15	动作/犯罪/
喜剧王	10751153	
都是手机惹的祸	20501146	85	46	107	2013	24	0	喜剧/
夺宝联盟	5502697	106616	11868	127609	2012	36497	247	动作/犯罪/
007：大破天幕杀机	2363876	169796	18438	204203	2012	68024	892	动作/惊悚/犯罪/
小小飞虎队	19977815	
波鲁鲁冰雪大冒险	20416699	1128	756	1360	2013	375	16	动画/家庭/儿童/
孤岛惊魂2	20380318	3269	566	3898	2012	1533	27	悬疑/惊悚/恐怖/
巴啦啦小魔仙	20369263	6517	747	7135	2013	5778	19	儿童/奇幻/冒险/
洛克王国2圣龙的心愿	20443571	
全城高考	10759926	10783	1991	12861	2013	4307	140	剧情/
女蛹之人皮嫁衣	6793319	
爱情不NG	10594958	3535	1248	4355	2013	1417	34	喜剧/爱情/
越来越好之村晚	20395646	17263	1756	20736	2013	7843	71	喜剧/爱情/
101次求婚	5319835	127589	6426	154175	2013	49674	625	爱情/
侠探杰克	25789402	21186	2838	23559	2016	7855	105	动作/犯罪/
电梯惊魂	10773447	2037	674	2457	2013	981	16	悬疑/惊悚/
霍比特人：意外之旅	1966182	
杨光的快乐生活	16535386	106	83	136	2012	35	0	剧情/喜剧/爱情/
国徽	19965216	
悲惨世界	6860160	209741	93675	253935	2012	78607	1251	剧情/爱情/音乐/
三月情流感	10583863	
午夜微博	6844887	3101	442	3353	2012	1019	24	悬疑/惊悚/恐怖/
特警判官	3387483	
南泥湾	19944520	805	158	911	2013	407	5	剧情/历史/战争/
劫案迷云	5151892	
青春雷锋	11627079	1791	286	1856	2013	836	23	剧情/传记/
雷锋的微笑	21363244	
雷锋在1959	20438460	1016	144	1083	2013	473	6	剧情/传记/
逆世界	3566266	
暴走吧，女人	10764042	7051	914	7503	2012	2251	249	剧情/冒险/
萧红	6781971	
午夜火车	21339648	1516	269	1823	2013	703	16	悬疑/惊悚/
笑功震武林	6984061	
铁娘子：坚固柔情	3073158	54780	25972	66680	2011	21811	418	剧情/传记/历史/
爱神	1309029	
不要迷恋姐	21359363	1022	319	1081	2013	108	0	喜剧/爱情/
骇战	7161695	
爱情银行	11632586	7326	3512	8671	2013	3567	63	剧情/爱情/
囧人之越挠越痒	10545947	2078	409	2239	2013	300	5	剧情/喜剧/
虎胆龙威5	4312428	45290	6435	54295	2013	17663	160	动作/惊悚/犯罪/
刘老庄八十二壮士	19967789	
北京遇上西雅图	10574468	370567	29970	445893	2013	136190	2504	喜剧/爱情/
止杀令	21357362	
叶问：终极一战	10794042	16950	2138	20130	2013	6017	122	剧情/动作/传记/
巨人捕手杰克	3415993	
楼	21264290	1807	850	2200	2013	942	25	悬疑/惊悚/
厨子戏子痞子	6011806	
魔境仙踪	4816602	39732	10928	46657	2013	17238	230	奇幻/冒险/
梦幻岛	5378594	
毒战	10344754	113583	17727	132596	2012	44662	778	剧情/动作/犯罪/
石榴树上结樱桃	3774036	
忠烈杨家将	5996799	23330	3563	26931	2013	11156	458	战争/古装/
分手合约	19973815	
金太狼的幸福生活	10514846	8380	445	9797	2012	2333	33	爱情/家庭/
特种部队2：全面反击	4301181	66749	11464	79340	2013	24006	212	动作/冒险/
甜蜜18岁	10759790	1934	1546	2543	2012	927	27	剧情/爱情/家庭/
柠檬	6894260	
刺夜	11226120	1762	1235	1839	2013	531	15	动作/悬疑/
变身超人	10833970	
疯狂原始人	1907966	370519	43957	441883	2013	116599	866	喜剧/动画/冒险/
致我们终将逝去的青春	6973376	
同谋	10617168	15109	3191	17904	2013	5764	296	剧情/悬疑/犯罪/
西柏坡2：英雄王二小	19977818	
人间蒸发	20280082	2469	1471	2938	2013	1120	14	悬疑/惊悚/
石器时代之百万大侦探	10756728	
百家乐翻天	6514136	11876	1756	14796	2012	3881	23	喜剧/爱情/
大野狼和小绵羊的爱情	10467779	10737	3756	13516	2012	4432	53	剧情/爱情/
星爸客	5959696	6951	5575	8200	2011	2570	28	喜剧/
钢铁侠3	3231742	209708	21327	248962	2013	72029	706	动作/科幻/
弹无虚发之天国宝藏	24526990	34	32	47	2012	12	0	剧情/
弹无虚发之死亡之海	24527030	47	21	61	2012	6	0	剧情/动作/
天错	2158352	1069	137	1354	2005	409	6	剧情/爱情/家庭/
弹无虚发之葬马	24527067	
倾城	26427831	73897	6700	74583	2016	42187	1967	剧情/爱情/
遗落战境	3895511	
钢琴木马	5413785	2280	810	2509	2013	861	32	剧情/爱情/悬疑/
亲爱	10564052	
残团	20458803	236	77	272	2013	99	7	剧情/爱情/战争/
被解救的姜戈	6307447	
三天	25761116	8767	1547	8221	2014	2638	59	剧情/动作/悬疑/
临终囧事	24089455	4700	1054	5542	2013	2124	38	喜剧/恐怖/
中国合伙人	11529526	351929	28324	415095	2013	131708	2996	剧情/
别跟我谈高富帅	11636291	
圣诞玫瑰	10600271	26685	6777	32233	2013	10876	207	剧情/悬疑/犯罪/
一路狂奔	24325927	
冲锋号	21323597	846	196	924	2013	457	6	动画/儿童/战争/
吊车尾的逆袭	24722859	
星际迷航：暗黑无界	3642843	149698	26204	174967	2013	55196	468	动作/科幻/冒险/
结婚那件事	6402604	
魁拔之大战元泱界	7051357	25733	14573	29579	2013	9754	278	动作/动画/奇幻/
潜艇总动员3：彩虹宝藏	24325876	1183	384	1255	2013	756	14	动画/儿童/
辛巴达历险记2013	24325581	413	373	521	2013	226	5	动画/冒险/
让熊猫飞	20429112	1150	361	1290	2013	630	24	喜剧/儿童/奇幻/
王牌情敌	21248460	6046	792	7359	2013	2216	26	喜剧/爱情/
致命黑兰	5028536	
逆光飞翔	10733376	69681	33549	82544	2012	26945	457	剧情/爱情/
杀戒	10617163	8063	3806	9285	2013	4520	135	爱情/悬疑/
夜幕惊魂	5041040	689	277	819	2013	354	13	喜剧/惊悚/
天机·富春山居图	5364905	
光辉岁月	1292943	15167	15071	18555	2000	3739	51	剧情/传记/运动/
百万爱情宝贝	11625733	1079	3073	1317	2013	632	7	喜剧/爱情/
圣龙奇兵大冒险	20515265	242	149	286	2013	128	18	动画/冒险/武侠/
大片	23127631	5490	5637	6063	2013	1997	98	剧情/喜剧/
非秀不可	19967777	2052	98	2075	2013	1949	1	剧情/爱情/
枕边有张脸	19962668	
超人：钢铁之躯	2049435	123457	13504	142625	2013	51985	931	动作/科幻/冒险/
不二神探	10604486	96170	6152	111528	2013	38888	593	喜剧/动作/犯罪/
北漂鱼	10449536	3745	2359	3911	2013	731	44	喜剧/
那是说着玩的	10831905	221	215	273	2012	108	4	剧情/喜剧/
小时代	20376577	246260	15356	283778	2013	115524	4010	剧情/喜剧/爱情/
东方中国梦	24748879	
萨米大冒险2	10540210	870	495	1068	2012	326	28	动画/冒险/
开心超人	24284209	
盲探	6872273	131658	12441	151389	2013	50591	599	喜剧/爱情/悬疑/
初恋未满	10833971	
太极侠	6041199	17553	9498	20143	2013	7488	201	动作/犯罪/
咒·丝	22206742	
赤警威龙	3256172	6489	1275	7593	2012	2353	181	动作/犯罪/惊悚/
天台爱情	10833924	
重返地球	6828823	49065	7179	57678	2013	18956	321	动作/科幻/冒险/
校花诡异事件	20473370	
赛尔号大电影3之战神联盟	23249761	2858	2028	2881	2013	2399	8	动画/儿童/冒险/
笔仙Ⅱ	21618782	7880	4030	9136	2013	3890	84	悬疑/惊悚/
周恩来的四个昼夜	19994974	3151	562	3682	2013	1729	45	剧情/历史/
大明猩	5919333	
功夫侠	4118068	1416	346	1622	2013	454	5	动作/
早见，晚爱	11639159	5029	1071	6146	2013	2239	59	剧情/爱情/
火焰山历险记	24325765	1558	627	1588	2013	950	3	动画/奇幻/冒险/
达人也疯狂	24843514	
终极大冒险	24522852	1137	484	1183	2013	559	12	喜剧/动画/冒险/
惊天危机	10746175	
正骨	24854991	470	133	504	2013	382	9	剧情/历史/
爱，很美	19962575	
速度与激情6	6537500	152191	18101	181018	2013	51750	363	动作/犯罪/惊悚/
不肯去观音	24269094	
模特魅影	24381046	2352	2419	2603	2013	790	18	剧情/悬疑/惊悚/
环太平洋	5323968	
我爱灰太狼2	24325767	1610	1318	1762	2013	708	12	喜剧/动画/
绑架大明星	10484009	861	169	999	2013	420	12	喜剧/
爱爱囧事	10781952	4620	851	5376	2013	1834	38	喜剧/爱情/
青春派	24735062	63679	13526	73323	2013	25432	547	剧情/爱情/
一场风花雪月的事	2216405	1093	684	1662	1997	240	18	剧情/爱情/
小时代2：青木时代	24721493	
一夜惊喜	16475702	87715	6226	105636	2013	35805	286	喜剧/爱情/
玛德2号	20483435	
宫锁沉香	20378811	40589	4867	46926	2013	19394	411	剧情/爱情/古装/
小神来了	24706750	
激战	20388223	109203	13967	126505	2013	41565	594	剧情/动作/运动/
诡魇	24718898	646	213	754	2013	306	7	悬疑/惊悚/
唇唇欲动	20398974	5695	352	5677	2013	3290	5	喜剧/爱情/
侏罗纪公园	1292523	157226	11502	211610	1993	28200	188	科幻/惊悚/冒险/
牛胆神偷	5256472	913	213	992	2013	151	3	喜剧/犯罪/
怪兽大学	3789848	
摩登年代	23856234	22138	2248	26104	2013	8470	180	剧情/喜剧/
粉红女郎·爱人快跑	10355621	
来历不明	24872197	3467	1011	3464	2013	1423	14	科幻/悬疑/
被偷走的那五年	20513059	
回到爱开始的地方	20378794	14844	4403	17302	2013	6962	347	剧情/爱情/
了不起的盖茨比	3364223	
致命闪玩	6886470	602	190	701	2013	252	2	剧情/悬疑/冒险/
海啸奇迹	4832825	
夏日示爱	19961119	535	357	608	2013	204	5	喜剧/爱情/
极乐空间	4116481	
古镇凶灵之巫咒缠身	22010958	1562	360	1753	2013	1009	26	惊悚/恐怖/
时光恋人	24381850	
疯狂的导演	24878198	2262	178	2471	2013	678	39	喜剧/
校车	20445145	
逆袭	1853176	88255	10883	115055	2006	15061	357	动作/历史/战争/
夏天的拉花	23384266	
蓝精灵2	6870493	18773	3373	22326	2013	6985	71	喜剧/动画/奇幻/
我的母亲	1291937	34689	37422	46091	1999	9067	199	剧情/
超级经纪人	20254219	10858	952	13226	2013	3366	38	喜剧/
全民目击	11510624	148442	12471	170704	2013	59688	1438	剧情/犯罪/悬疑/
4B青年之4楼B座	23042272	4656	2617	5362	2013	1402	49	喜剧/爱情/
隔窗有眼	10801279	234	409	267	2013	145	2	悬疑/惊悚/
一座城池	11594933	23915	6182	28066	2013	10847	204	剧情/喜剧/
穿越火线	10555084	7318	2885	8529	2012	3167	84	剧情/动作/战争/
落经山	20438458	375	209	426	2013	197	9	剧情/动作/爱情/
花漾	7051294	
团圆	4284085	4815	8730	5717	2010	2024	77	剧情/家庭/
爱别离	21264285	
极速蜗牛	6070226	31853	4479	37072	2013	11236	108	喜剧/动画/冒险/
帝国秘符	6999256	
5月天诺亚方舟	24891524	16438	3970	17945	2013	10181	225	纪录片/音乐/
非常幸运	6984064	
就爱吧之回家	26393561	73032	32748	81287	2015	29219	507	剧情/喜剧/动作/
就爱吧之集合	27064205	1437	112	1479	2017	769	44	真人秀/
白狐	20515018	8607	2979	9689	2013	4565	171	动作/爱情/奇幻/
就爱吧之咫尺	27064205	
乔布斯	25850443	32814	13743	37620	2015	12500	140	剧情/传记/
81号农场之保卫麦咭	24852755	
狄仁杰之神都龙王	5996801	126159	6189	146040	2013	51256	718	动作/犯罪/悬疑/
金刚王·死亡救赎	19975090	
蝙蝠别墅	11445635	986	145	1077	2013	487	10	悬疑/惊悚/恐怖/
一路顺疯	20452308	
神奇	5044748	11851	2513	12224	2013	4754	187	剧情/爱情/运动/
盗剑72小时	25719521	565	75	641	2013	253	6	喜剧/悬疑/惊悚/
逃出生天	10763157	35889	4446	41545	2013	14026	233	剧情/灾难/
门巴将军	24860303	
心战	5294283	8699	2635	9222	2012	3210	87	剧情/
独行侠	3024838	
漂	1300267	281565	83370	379549	1939	64548	1238	剧情/历史/爱情/
孟姜女	19897315	
候鸟	1297622	1112	3375	1445	1994	425	4	剧情/
救赎	1950148	
边境少女	20501177	200	146	280	2012	72	1	纪录片/
妈妈的时间	26306674	821	204	1057	2014	297	2	纪录片/短片/
禁忌游戏之迷藏	11627065	750	179	834	2013	495	11	惊悚/恐怖/
现代爱情启示录	1292260	
江湖	1308850	27157	4570	37929	2004	4941	78	剧情/犯罪/动作/
金刚狼2	3718424	
我要快乐	21815004	22411	23321	26875	2013	8092	124	剧情/
美姐	10833919	15407	17188	18218	2012	6702	154	剧情/爱情/家庭/
大明劫	11627068	42584	12629	46169	2013	18338	310	剧情/历史/古装/
背水一战	1401524	121271	5637	155593	2006	15601	148	动作/科幻/惊悚/
爱拼北京	21319320	326	544	347	2013	182	75	爱情/
我是球迷	25757137	
斯大林格勒	6714930	14102	8831	16192	2013	6079	206	动作/战争/
猎仇者	20497559	8854	907	8679	2013	3602	29	悬疑/惊悚/犯罪/
我为相亲狂	24751825	5241	392	5587	2013	2174	37	喜剧/爱情/
爱·回家	1299361	
精灵旅社	21327493	61200	10810	69905	2015	19043	116	喜剧/动画/奇幻/
雷神2：黑暗世界	6560058	
我爱的是你爱我	20471876	14154	1980	17257	2013	6217	171	剧情/爱情/
我的男男男男朋友	10766178	
甜心巧克力	10567506	4257	3509	5077	2012	2329	51	爱情/
暴躁天使	11600922	
孪生密码	10793499	3158	497	3151	2013	1205	9	动作/悬疑/
地心引力	3793783	247549	36203	285681	2013	97864	1604	科幻/惊悚/灾难/
饥饿游戏2：星火燎原	6874456	140901	10753	166651	2013	44080	409	动作/科幻/冒险/
赤焰战场2	7916027	
郑和1405：魔海寻踪	10736409	475	279	546	2013	227	33	动画/奇幻/冒险/
野草莓	1293071	23050	30865	32314	1957	6540	191	剧情/爱情/家庭/
风暴	20388198	80545	6554	91982	2013	32683	571	动作/犯罪/
无人区	3804891	268027	52961	315364	2013	91409	1695	剧情/犯罪/西部/
四大名捕2	10604892	41147	3164	48632	2013	14515	274	动作/悬疑/奇幻/
私人订制	10605978	179406	14091	209565	2013	72055	1577	喜剧/
我的美丽王国	11526508	910	180	1068	2013	341	4	喜剧/爱情/
警察故事2013	20266753	71865	5426	84559	2013	25885	509	剧情/动作/犯罪/
来自星星的你	25698722	145361	6222	152758	2013	48422	1031	爱情/
森林战士	3263814	
中国好声音之为你转身	25741108	2779	591	3130	2013	1519	14	剧情/爱情/音乐/
青蛙王国	19962596	921	2368	932	2013	537	41	动画/冒险/
太空熊猫历险记	24743729	105	67	115	2013	49	1	动画/奇幻/冒险/
奥林匹斯的陷落	10743974	
等风来	10833923	91938	6008	107880	2013	38004	1141	喜剧/爱情/
圣杯神器：骸骨之城	4126925	
对不起，我爱你	1782142	57594	11107	76416	2004	13799	399	剧情/爱情/
安德的游戏	5323957	101598	11323	117528	2013	35654	580	动作/科幻/冒险/
夺命地铁	20497633	10411	3314	11989	2013	3982	54	剧情/惊悚/灾难/
神偷奶爸2	4915857	229317	37566	274182	2013	63670	206	喜剧/动画/冒险/
早安，冬日海	25744252	469	545	549	2014	244	4	爱情/
桔子的天空	25861612	
一触即发	3014957	25979	3928	30009	2014	10571	137	剧情/动作/惊悚/
熊出没之夺宝熊兵	24753811	12837	12281	13108	2014	2782	33	喜剧/动画/冒险/
石斛兰	25807588	98	75	118	2014	42	0	剧情/
巴啦啦小魔仙之魔法的考验	25791073	
爸爸去哪儿	25742294	54529	2006	58374	2013	14638	220	儿童/真人秀/家庭/
前任攻略	24751754	
江南爱情故事	25761527	1542	192	1713	2014	451	16	爱情/战争/
冰雪奇缘	4202982	302434	24552	348129	2013	103834	930	喜剧/动画/奇幻/
过界男女	19944289	11500	2402	13614	2013	4097	104	剧情/爱情/
李可乐寻人记	10574621	
菊花台	20256501	157	100	180	2014	100	2	爱情/奇幻/
火鸡总动员	5154496	
夺樽	24525721	4345	576	4227	2014	466	10	剧情/动作/
狂舞派	21360412	
命运派对	25758005	1555	442	1861	2013	569	11	剧情/犯罪/惊悚/
甜蜜杀机	21765841	
极品飞车	20257326	67529	8839	77737	2014	26994	271	剧情/动作/犯罪/
警察日记	20426973	1445	1046	1682	2013	799	28	剧情/犯罪/悬疑/
英雄之战	25723081	8748	2489	9008	2014	3238	80	动作/爱情/
天才眼镜狗	3101548	
蓝可儿之旅	24883793	2082	285	2475	2014	874	8	悬疑/惊悚/短片/
雪国列车	3071441	165557	25077	192317	2013	55819	1137	剧情/动作/科幻/
兰亭	19995496	228	465	280	2014	108	20	剧情/
图兰朵	2050612	
再爱一次好不好	20451336	5506	1436	5501	2014	1450	2	喜剧/爱情/
三小强	25837230	2574	1076	1864	2014	1233	24	喜剧/动画/
特工艾米拉	25756355	8319	2312	8388	2014	4543	24	动作/悬疑/
追爱大布局	23163938	
魔警	20515977	44707	4909	52435	2014	16336	210	动作/犯罪/悬疑/
硬汉奶爸	21327518	
催眠大师	24743711	203349	15426	233918	2014	75897	863	剧情/悬疑/惊悚/
冰封：重生之门	6973460	25722	3858	28047	2014	11312	244	喜剧/动作/奇幻/
驯龙骑士	5153144	7935	1927	8734	2013	1605	23	动画/冒险/
我在路上最爱你	6147308	10356	3527	11532	2014	3377	90	剧情/爱情/
爱你一世一生	25708937	50	92	68	2014	29	0	爱情/
渴望的青春	25871713	111	54	127	2014	59	3	剧情/
近距离击杀	19997896	750	264	806	2013	527	35	剧情/战争/
考拉大冒险	7057975	829	418	1022	2012	354	3	动画/冒险/家庭/
怖偶	10543682	3121	887	3207	2014	591	8	悬疑/惊悚/
恋者多喜欢	19944572	
X战警：逆转未来	10485647	252897	23032	293312	2014	77838	662	动作/科幻/冒险/
人间·小团圆	24736526	58070	7628	65938	2014	25462	413	剧情/
笔仙惊魂3	25828701	3432	706	4002	2014	1648	29	悬疑/惊悚/恐怖/
赞鸟历险记	3927791	
心咒	24695967	614	142	713	2013	330	5	悬疑/惊悚/
第一眼爱情	25704425	
潜艇总动员4：章鱼奇遇记	25804446	696	140	777	2014	468	15	喜剧/动画/冒险/
太空熊猫总动员	25844581	
辛巴达历险记2	25844367	197	416	231	2014	106	2	喜剧/动画/冒险/
丑男大翻身	2275015	
疯狂72小时	24873473	10221	771	12101	2014	1472	57	喜剧/
哥斯拉	2063914	
大话天仙	4913222	24135	1453	25022	2014	10363	54	喜剧/奇幻/古装/
分手达人	5421797	
死亡邮件	25798808	3919	524	5500	2014	452	11	犯罪/悬疑/
摩纳哥王妃	10450713	
城市游戏	20284939	
章鱼哥	25808829	
美国骗局	6873657	62873	19678	73900	2013	22388	177	剧情/犯罪/
金色时光	22790307	
情笛之爱	25863020	275	21691	46955	2014	10722	35	儿童/音乐/
变形金刚4：绝迹重生	7054604	
无处可逃	10792322	11048	3311	12654	2015	4019	56	动作/惊悚/
赛尔号大电影4：圣魔之战	25845586	15087	5541	15114	2014	13999	27	剧情/儿童/动画/
后会无期	25805741	382961	33923	431778	2014	155362	7888	剧情/
京城81号	26662798	
龙之谷：破晓奇兵	11443316	17097	5893	18914	2014	7289	175	动画/奇幻/冒险/
暴力街区	1292326	75857	10164	98663	2004	13231	131	动作/犯罪/
飞跃地心	25913178	109	27	117	2014	48	1	剧情/儿童/动画/
幻影车神：魔盗激情	6558262	9912	3514	11130	2013	4562	107	动作/犯罪/惊悚/
纯纯欲动	25758654	406	163	482	2013	203	4	喜剧/爱情/
绣春刀	24745500	
反贪风暴	26352445	26044	1738	29356	2016	9952	120	剧情/犯罪/
秦时明月3D电影龙腾万里	6721670	
好命先生	24888079	9931	1318	10322	2014	2547	37	喜剧/爱情/
小时代3：刺金时代	24847340	130949	23131	151100	2014	57831	1030	剧情/喜剧/爱情/
下一站再爱你	25711313	580	241	662	2014	311	26	剧情/爱情/
香气	25853055	
临时同居	25831326	27655	2667	32944	2014	9537	113	喜剧/爱情/
床下有人2	25910152	
美人邦	25779207	2506	515	2882	2014	1429	31	喜剧/爱情/
江湖论剑实录	24758396	8835	2880	9569	2014	2774	37	喜剧/古装/
大丑	25933725	151	258	180	2014	71	3	剧情/戏曲/
庞贝末日	2083735	24254	3466	28159	2014	9287	150	动作/爱情/冒险/
青春.com	25942190	298	1991	347	2014	155	3	剧情/爱情/悬疑/
动物也疯狂	3103708	
猩球崛起：黎明之战	7046723	163415	19174	188752	2014	53182	687	剧情/动作/科幻/
大峰祖师	25700831	
摩登森林之美食总动员	25960739	1434	879	1447	2014	971	1	喜剧/动画/冒险/
闺蜜	25777330	
昆虫总动员	23048775	17094	7402	19603	2013	6635	105	动画/冒险/
分歧者：异类觉醒	6424814	
斗茶	2374528	4077	1696	5294	2008	1097	42	剧情/
忘了去懂你	10807892	4748	1976	5775	2014	1904	59	剧情/家庭/
美女与野兽	25900945	161538	26474	174070	2017	76131	1675	爱情/奇幻/歌舞/
0.5的爱情	25746519	2904	354	3096	2014	775	23	爱情/
森林孤影	25897421	108	50	117	2014	54	1	剧情/儿童/冒险/
死亡派对	21941106	2929	1398	3314	2014	1262	28	剧情/悬疑/
缘来是游戏	25758705	1086	235	1164	2014	752	41	喜剧/动作/爱情/
从哪来，到哪去	24521773	
诡八楼	25856457	908	258	1057	2014	481	16	悬疑/惊悚/恐怖/
亲爱的	25798222	
痞子英雄：黎明升起	3395373	292592	38586	353983	2012	95128	1768	剧情/动作/科幻/
魁拔Ⅲ战神崛起	24723061	19617	5028	22259	2014	7815	157	动作/动画/奇幻/
3D食人虫	25958914	2771	628	3051	2014	1647	55	科幻/惊悚/灾难/
十二生肖城市英雄	25981387	120	47	139	2014	55	1	喜剧/动画/
蓝色骨头	4842877	17925	12148	20421	2013	8268	244	剧情/音乐/
心花路放	25717233	
81号农场之疯狂的麦咭	25926925	94	77	106	2014	51	4	喜剧/动画/冒险/
等一个人咖啡	25753166	36510	5964	42556	2014	15945	266	喜剧/爱情/
冰川时代2：融冰之灾	1437342	140261	7442	189786	2006	11732	131	喜剧/动画/冒险/
毕业那年：分手季	25806660	1067	204	1099	2014	507	16	剧情/喜剧/爱情/
宙斯之子：赫拉克勒斯	3157583	18116	3179	21054	2014	6146	74	动作/冒险/
争气	25912967	
狙击时刻	25962762	1203	243	1379	2014	584	22	动作/犯罪/悬疑/
剑河	25762268	
大话西游之月光宝盒	1299398	414336	17877	551129	1995	52345	504	喜剧/动作/爱情/
飞鱼秀	24743705	
夜莺	19962587	6048	3672	7113	2013	2727	61	剧情/家庭/
一个人的武林	24695277	
全城通缉	25849599	13195	2854	14470	2014	6310	175	剧情/悬疑/
潜龙风云	25810920	5769	1055	6491	2014	2580	25	剧情/爱情/犯罪/
求爱大作战	24706118	3306	472	3686	2013	898	8	剧情/喜剧/爱情/
等你追我	25859605	252	44	303	2014	122	0	喜剧/爱情/
21岁派对	6873085	6934	3197	8349	2013	2263	21	喜剧/
星际穿越	1889243	
拆散专家	25868330	3878	721	3932	2014	1987	5	喜剧/爱情/
马达加斯加的企鹅	11810348	
爱情狂想曲	25722123	329	312	362	2014	83	1	喜剧/爱情/
火线反攻	6875610	5349	743	6430	2012	1795	26	剧情/动作/犯罪/
青春时光	25980432	213	335	185	2014	143	1	剧情/爱情/
天河	25972494	
机器纪元	6873819	15338	3706	17814	2014	5108	104	科幻/惊悚/
黄飞鸿之英雄有梦	25444447	
鸣梁海战	7065161	32703	7307	37325	2014	12176	318	剧情/传记/动作/
谁动了我的梦想	21340764	
37次想你	25728484	476	315	544	2014	261	5	爱情/
密道追踪之阴兵虎符	25852270	1463	1136	1681	2014	774	27	动作/悬疑/惊悚/
一步之遥	6126442	175872	28144	201659	2014	88018	2942	喜剧/爱情/冒险/
抢劫坚果店	25817617	
十万个冷笑话	26759539	42154	14018	44527	2017	20461	311	喜剧/动画/奇幻/
我的早更女友	25834473	74864	3553	89013	2014	26613	269	喜剧/爱情/
微爱之渐入佳境	24751757	58383	6212	66548	2014	25542	297	喜剧/爱情/
博物馆奇妙夜3	21349734	
太平轮（上）	3078390	66814	15232	77029	2014	31999	584	剧情/爱情/战争/
王牌	25743807	
第七子：降魔之战	2325873	23370	14949	26800	2014	9626	109	奇幻/冒险/
怨灵人偶	21967905	1389	904	1536	2013	802	23	惊悚/恐怖/
黄金福将	25934578	516	158	584	2014	232	3	喜剧/
亡命地中海	10461681	
重返20岁	25870084	186818	16404	211978	2015	76691	1527	喜剧/爱情/奇幻/
末日浩劫	1308779	
味道中国	26291971	1281	2166	1407	2015	800	7	纪录片/
安妮：纽约奇缘	6873740	3549	2291	4134	2014	1336	52	剧情/喜剧/音乐/
神探驾到	25955491	73651	46980	83201	2015	25501	518	剧情/悬疑/
时光大战	26285355	
奔驰的大葱	26297576	507	574	580	2015	294	4	喜剧/
谍·莲花	26087446	
一路惊喜	25880244	25671	2725	29371	2015	12679	95	喜剧/爱情/家庭/
兔侠之青黎传说	25918723	
钟馗伏魔：雪妖魔灵	25713420	58859	5377	64659	2015	26675	358	动作/爱情/奇幻/
甜蜜蜜	1305164	
坚不可摧	10548265	20245	10495	23205	2014	8016	153	剧情/传记/战争/
宝贝，对不起	25955554	
饥饿游戏3：嘲笑鸟（上）	6533054	89209	9167	103784	2014	31439	271	动作/科幻/冒险/
爸爸去哪儿2	27086865	12770	805	11412	2017	5555	109	真人秀/家庭/
深海挑战	20270795	3555	5045	4099	2014	1514	20	冒险/纪录片/
新年来啦之大闹除夕	26322813	
爸爸的假期	25908302	11852	1691	13706	2015	5084	84	喜剧/家庭/
北京纽约	24743709	12089	4684	13254	2015	4034	112	剧情/爱情/
将错就错	25899616	8256	1891	8813	2015	6102	48	喜剧/爱情/
母亲的梦想	25806958	74	267	84	2015	32	5	剧情/家庭/
吉星高照2015	26301735	2194	605	2543	2015	897	6	喜剧/
璀璨的婚礼	26336350	
大喜临门	26280561	2970	915	3534	2015	1171	36	喜剧/
有种你爱我	24743712	
失孤	25835293	57869	8098	66748	2015	23030	650	剧情/
扑通扑通我的人生	25747028	
王牌特工：特工学院	24405378	342408	41028	385265	2015	125840	808	喜剧/动作/冒险/
蚀之怀朴抱素	26291399	
灰姑娘	6875263	119892	17151	137979	2015	50735	618	爱情/奇幻/冒险/
第七谎言	25870074	1524	386	1801	2014	630	13	犯罪/悬疑/
战狼	26363254	440752	73507	458293	2017	216848	9372	动作/
三更车库	20513060	
无敌小飞猪	25769893	250	70	281	2015	167	43	儿童/动画/奇幻/
公路美人	26337830	546	246	659	2015	264	28	剧情/爱情/
踏血寻梅	25966085	91077	28953	102982	2015	33795	889	剧情/犯罪/悬疑/
第22届北京大学生电影节	10946125	
第5届北京国际电影节	3173528	24779	1686	31540	2008	3744	73	运动/
点对点	25724870	1461	938	1705	2014	669	18	剧情/
万物生长	25872931	98268	9570	114048	2015	39348	806	喜剧/爱情/
十万伙急	25806698	
疯狂外星人	10827341	44374	6123	50992	2015	16745	96	喜剧/科幻/动画/
少年毛泽东	2148367	
爱我就陪我看电影	26200627	2903	3822	3120	2015	1469	31	喜剧/爱情/
超能查派	6846893	77306	11688	88296	2015	27584	334	动作/科幻/惊悚/
赤道	24987018	70832	7528	81161	2015	30288	469	剧情/动作/犯罪/
阳光总在风雨后	6893726	
岸边之旅	25851628	2887	3835	3506	2015	1408	20	剧情/爱情/奇幻/
踏雪寻梅	25766532	1328	1929	1585	2014	359	12	动作/
夺命旅行	24737155	835	494	948	2015	514	7	惊悚/
分手，不分手	26005640	
哺乳期的女人	19971593	1629	814	1969	2013	660	41	剧情/
速度与激情7	23761370	260806	37862	298325	2015	95813	1055	动作/犯罪/惊悚/
妈咪侠	25932073	843	444	998	2014	349	6	喜剧/家庭/
天亮·分手	26378829	
阿里巴巴大盗奇兵	26323678	279	191	312	2015	150	5	喜剧/动画/冒险/
旋风九日	25972353	
搏击迷城	25896040	1043	894	1163	2015	535	18	动作/
侏罗纪世界	10440138	
屠魔战士	3680627	16123	4110	18889	2014	5490	63	动作/科幻/奇幻/
我是谁2015	25932086	
异种	1293442	10478	1734	13214	1995	1696	12	动作/恐怖/科幻/
杀破狼2	23788440	
我的男友和狗	24851526	10446	2110	12140	2014	4498	88	爱情/
玩的就是艳遇	26363340	
少年班	26219652	45217	4157	51540	2015	17568	432	剧情/喜剧/
约定倒计时	26365374	
听说	3824672	276936	50383	352811	2009	79951	1395	剧情/爱情/
小猪班纳大电影之梦想大“帽”险	26392182	
再次出发之纽约遇见你	6874403	165375	75450	187725	2013	62737	915	喜剧/爱情/音乐/
无法证明	25890936	
恋爱排班表	26382849	1166	219	1396	2015	466	30	喜剧/爱情/
罪恶赎金	3439317	
我是路人甲	25746375	93911	11186	106199	2015	37573	936	剧情/喜剧/
栀子花开	26021055	83196	5828	90370	2015	42975	964	爱情/
张震讲故事之鬼迷心窍	26384363	3941	1435	4458	2015	2007	24	悬疑/惊悚/
对风说爱你	25830802	5710	2321	6686	2015	2331	54	剧情/爱情/
动画，你早	1305543	3066	5265	4181	1990	1112	34	剧情/
猪猪侠之终极决战	26358025	
小时代4：灵魂尽头	24847343	88960	9165	100621	2015	39611	727	喜剧/爱情/
最好的我们	26602244	
超级保镖	26673947	2574	2815	2876	2016	1292	51	剧情/动作/
煎饼侠	25895276	
赛尔号大电影5雷神崛起	26379074	2299	3980	2740	2015	1787	41	剧情/儿童/动画/
汽车人总动员	26416155	
小羊肖恩	24397586	56500	24865	64411	2015	20695	124	喜剧/动画/冒险/
危机行动	6874160	123	104	144	2012	45	2	剧情/惊悚/
恐怖游泳馆	26373447	1600	394	1829	2015	804	16	惊悚/
美人鱼之海盗来袭	26365745	861	460	920	2015	446	5	喜剧/动画/奇幻/
模仿游戏	10463953	249754	87577	284707	2014	79391	1086	剧情/传记/战争/
男人制造	26442029	
太平轮·彼岸	3078390	66814	15232	77029	2014	31999	584	剧情/爱情/战争/
一路向前	26382888	
红髅	26417725	574	122	634	2014	215	13	悬疑/惊悚/
爱之初体验	26374240	394	450	433	2015	188	35	喜剧/爱情/
情剑	26575441	1559	435	1762	2012	842	7	武侠/古装/
轩辕剑传奇	26430099	
破风	25853727	73564	6840	82607	2015	30489	454	剧情/运动/
滚蛋吧！肿瘤君	26289144	203646	10188	229414	2015	82815	1691	喜剧/爱情/
黑猫警长之翡翠之星	21943062	5027	1045	5098	2015	2313	58	喜剧/动作/科幻/
命中注定	25881780	42852	3744	50115	2015	17909	252	喜剧/爱情/
白雪公主之神秘爸爸	26365738	336	123	379	2015	181	2	喜剧/动画/奇幻/
战火中的芭蕾	26382797	1079	2924	1228	2015	489	26	剧情/战争/
诱狼	26378587	1407	166	1476	2015	288	7	剧情/战争/
烈日灼心	24719063	
飙速宅男 剧场版	26350539	117	68	150	2015	52	1	动画/运动/
百团大战	26421030	
恋爱中的城市	26263443	26796	1929	30243	2015	11768	142	爱情/
刺客聂隐娘	2303845	
心路历程	26304166	1016	367	1191	2015	483	2	爱情/
犹太女孩在上海2：项链密码	26588952	85	57	106	2015	47	2	历史/动画/冒险/
相伴库里申科	25945369	51	145	61	2015	29	0	剧情/
男神时代	26301662	
穷途	26594423	66	785	77	2015	43	2	喜剧/
王子与108煞	26302912	
少年杨靖宇	26598990	113	68	124	2015	52	0	剧情/儿童/
华丽上班族	11776289	39094	5958	44867	2015	18213	319	剧情/喜剧/爱情/
东京公关女	26357180	403	66	462	2015	174	2	剧情/喜剧/
东京食尸鬼JACK OVA	26817016	638	4405	718	2017	313	14	剧情/奇幻/恐怖/
斗地主	26582787	2727	1566	3001	2015	1558	19	喜剧/
开罗宣言	25945367	
猫侍 前往南之岛	26318049	812	243	997	2015	362	0	喜剧/
落跑吧爱情	26235315	
墓穴迷城	26382842	978	3063	1069	2015	332	7	惊悚/
暗杀	25823132	109777	26915	123505	2015	40226	471	剧情/动作/历史/
使命召唤	20379462	4151	851	4822	2015	1422	9	剧情/动作/犯罪/
天空之蜂	25903021	1349	566	1522	2015	567	7	惊悚/
第三种爱情	25911595	43961	5270	50104	2015	21206	485	爱情/
纯真年代	1301465	
星语心愿之再爱	26310141	2625	461	2835	2015	941	31	爱情/
炸掉银行经理	26323407	
小黄人大眼萌	11624706	134056	20106	153872	2015	47191	215	喜剧/动画/
妈妈让我再爱你一次	26615905	
心迷宫	25917973	159416	57220	177035	2014	60789	858	剧情/犯罪/悬疑/
九层妖塔	24827406	
逆转胜	22276795	2598	1033	2990	2014	1164	15	剧情/喜剧/
魔卡行动	26346888	1164	2691	1316	2015	566	21	喜剧/动作/爱情/
夏洛特烦恼	25964071	364333	18312	403583	2015	147361	3505	喜剧/爱情/
喜马拉雅天梯	24743696	
浪漫天降	25928069	3753	556	4255	2015	1951	40	喜剧/爱情/
天眼传奇	26599044	
父女情	25747095	3081	2122	3530	2015	1196	36	剧情/家庭/
黄河	2156792	
回到被爱的每一天	26425533	4184	7613	4640	2015	2136	85	剧情/爱情/
猛龙特囧	22556810	2402	323	2724	2015	828	24	喜剧/动作/
山河故人	25890005	117850	33223	132728	2015	49356	1920	剧情/家庭/
半夜叫你别回头	26386617	962	260	1073	2015	485	7	惊悚/恐怖/
家在水草丰茂的地方	11537965	8662	7228	9805	2014	4044	135	剧情/儿童/
探灵档案	25767569	
幸福很囧	26241646	203	512	225	2015	121	2	喜剧/爱情/家庭/
小王子	20645098	
我的处女地	26639463	194	41	208	2015	115	2	剧情/
钢铁，是这样炼成的	25931451	
囧贼	26627672	288	43	324	2015	141	0	喜剧/犯罪/
时尚女郎之女人江湖	25895277	130	21	146	2014	46	0	剧情/
史努比：花生大电影	23043659	10475	4564	12010	2015	4732	55	喜剧/动画/冒险/
前任2：备胎反击战	25881786	
饥饿游戏3：嘲笑鸟（下）	10047547	63878	7950	73386	2015	23329	302	动作/科幻/冒险/
我的青春期	24875658	
我的少女时代	26366465	284465	25824	316044	2015	124702	3260	喜剧/爱情/
遭遇海明威	26611040	
十月初五的月光	25975323	13796	2871	15939	2015	6382	168	剧情/爱情/
年少轻狂	1294720	
青春激荡的岁月	26452381	79	46	91	2015	46	4	剧情/
玩命速递：重启之战	24718797	
男二本色	26646406	304	47	334	2015	129	22	喜剧/
坏蛋必须死	26289126	
诡影迷情	26470514	1340	127	1374	2015	367	3	悬疑/惊悚/
火云端	26658847	
不可思异	26277156	14668	2614	16473	2015	6983	127	剧情/喜剧/科幻/
全力扣杀	25824853	
北京时间	26369857	477	328	530	2015	208	25	剧情/爱情/
怦然星动	26411409	
杜拉拉追婚记	26322809	31775	2242	32905	2015	12145	204	喜剧/爱情/
正果	26658050	
长江七号爱地球	3792787	4930	1222	6392	2010	1132	24	动画/
电商时代	26656553	
不能错过	26339762	181	127	190	2015	93	10	剧情/爱情/
东北偏北	26061902	
一念天堂	26611801	32698	2157	35483	2015	13209	280	喜剧/
胜利大阅兵	1300093	
诡娃娃	26647133	436	84	515	2015	226	2	惊悚/恐怖/
索命暹罗之按摩师	25869870	
荒村怨灵	26656462	770	293	857	2015	430	11	惊悚/
皇帝的新装之圣诞大明星	26692682	
恐怖理发店	25955510	671	120	798	2013	232	1	短片/
国酒	26647899	
一切都好	26425088	11068	2054	11760	2016	4979	160	剧情/家庭/
爱在深秋	26638460	
熊出没之熊心归来	26330955	4545	3016	5118	2016	2567	43	喜剧/动画/冒险/
恶棍天使	26290365	
寻龙诀	3077412	339525	17188	373072	2015	144954	2089	剧情/动作/奇幻/
果宝特攻之水果大逃亡	26290381	
消失爱人	26309968	9712	2336	9897	2016	4750	150	爱情/悬疑/
最后的巫师猎人	10440076	
猿创世界之熊孩子部落	26688299	205	46	152	2016	93	12	喜剧/动画/冒险/
请把你的窗户打开	26686653	
风口青春	26710178	142	20	165	2016	77	2	喜剧/爱情/
澳门风云3	26334559	
奔爱	26637534	17230	1909	19447	2016	9320	212	剧情/爱情/
过年好	26698301	
雨夜惊魂	26597955	510	130	558	2015	264	6	惊悚/
恶灵之门	26661696	
霹雳囧花	23059934	1192	145	1378	2013	485	3	剧情/喜剧/动作/
恭喜发财之谈钱说爱	26718806	
火影忍者剧场版：博人传	26282448	47800	11568	51967	2015	22450	509	动作/动画/冒险/
谍影特工	10792320	
诡娃	26680909	548	120	608	2016	329	7	惊悚/恐怖/
西游记之孙悟空三打白骨精	25827963	
托马斯和朋友们：多多岛之迷失宝藏	26356538	598	399	682	2015	333	5	儿童/动画/家庭/
爱情麻辣烫之情定终身	25907086	
叶问3	11598977	73214	6241	81556	2015	27309	804	剧情/传记/动作/
你是不是我的爱人	26728083	113	24	127	2016	69	2	爱情/
同城邂逅	26686166	344	75	383	2016	161	5	喜剧/爱情/
箭士柳白猿	7564989	
星球大战：原力觉醒	20326665	136359	14410	153542	2015	55038	783	动作/科幻/冒险/
床下有人3	26694681	858	148	949	2015	501	7	惊悚/恐怖/
青蛙王国之冰冻大冒险	26253893	612	211	659	2015	467	352	喜剧/动画/冒险/
洛杉矶捣蛋计划	26729533	3926	384	4458	2016	1493	31	喜剧/家庭/
半熟少女	26345159	2523	1040	2567	2016	1357	18	剧情/爱情/
缘份	1298128	162386	46865	222251	1993	35151	639	喜剧/爱情/剧情/
灯塔下的恋人	26575857	797	184	947	2015	363	4	剧情/爱情/
一夜危机	26742358	81	72	87	2016	28	0	剧情/喜剧/爱情/
飞鹰艾迪	3072064	29450	15078	32908	2016	11372	170	剧情/喜剧/传记/
女汉子真爱公式	26345736	
不速之客	25721544	7804	3739	8995	2014	3816	25	动作/悬疑/惊悚/
灵偶契约	26359246	8337	2410	9392	2016	3334	94	恐怖/
决不饶恕	3102939	56	20	69	2004	18	1	剧情/
恐怖将映	26370966	647	141	722	2016	350	13	惊悚/恐怖/
太空熊猫英雄归来	26655587	546	89	607	2015	354	2	喜剧/科幻/动画/
轩辕大帝	11632599	
致我们终将到来的爱情	26413306	2491	508	2774	2016	1298	43	喜剧/爱情/
隔壁惊魂	26745066	
奇幻森林	25777636	155507	19339	171919	2016	61807	904	剧情/奇幻/冒险/
废柴特工	25763555	
午夜寻访录	7161697	366	137	416	2016	191	4	惊悚/恐怖/
不朽的时光	25762270	
猎神：冬日之战	10791575	22110	3144	24871	2016	9221	93	动作/奇幻/冒险/
恐怖照相机	26445861	733	72	767	2015	190	5	悬疑/惊悚/
刑警兄弟	11625312	5054	707	5803	2016	2050	26	喜剧/动作/
女神时代	26756531	139	39	147	2016	70	5	喜剧/爱情/
梦想合伙人	26299410	23272	1496	25664	2016	11137	293	剧情/爱情/
马小乐之玩具也疯狂	26630850	289	96	313	2015	154	15	动画/奇幻/冒险/
魔宫魅影	26220725	9372	976	10314	2016	4578	123	剧情/爱情/惊悚/
青蛙总动员	26752895	
美国队长3	25820460	220574	14977	244284	2016	87109	1728	动作/科幻/冒险/
男神抱抱	26767718	
判我有罪	1750027	8958	9525	11137	2006	2510	81	喜剧/犯罪/剧情/
欲望迷宫	1300588	241	254	331	1998	50	3	剧情/爱情/
再见，在也不见	26282530	16046	7180	17077	2015	7359	188	剧情/爱情/同性/
谎言大爆炸	26686170	481	77	525	2016	293	15	喜剧/悬疑/
购物女王	26772866	729	64	835	2012	340	2	喜剧/爱情/
死亡笔记	5920220	
愤怒的小鸟	6873736	69382	6007	77056	2016	27712	273	喜剧/动作/动画/
夜孔雀	24743728	
708090之深圳恋歌	25922900	849	666	767	2016	440	9	剧情/爱情/
糖果世界大冒险	25858763	
山那边有匹马	25980222	237	405	267	2015	135	32	剧情/
水果宝贝之水果总动员	26613359	
爱丽丝梦游仙境2：镜中奇遇记	21441132	74040	9047	82647	2016	29886	572	奇幻/冒险/
斗龙战士之星印罗盘	26796681	
X战警：天启	25786060	196321	17984	218344	2016	72253	848	动作/科幻/奇幻/
魔兽	2131940	
泰迪熊之玩具大战	26786108	2081	537	2147	2016	1129	12	喜剧/动画/
山花烂漫时	26589483	76	24	77	2016	31	3	剧情/家庭/
海洋之恋	25931980	113	116	124	2016	72	4	爱情/科幻/
当流星划过天际	25803264	100	34	113	2015	36	1	剧情/爱情/
练胆儿	26806651	284	39	299	2016	124	3	剧情/喜剧/
近在咫尺的爱恋	4202326	
独立日：卷土重来	4811813	78071	8630	86263	2016	32744	575	动作/科幻/冒险/
大火种	26817990	
古田会议	26821747	479	73	513	2016	201	3	历史/战争/
党的女儿尹灵芝	26812812	508	101	539	2016	247	12	剧情/历史/
终极胜利	26431412	257	511	285	2016	127	26	剧情/历史/战争/
忍者神龟2：破影而出	25955779	
摇滚藏獒	25749813	6093	2971	5987	2016	2778	121	动画/音乐/
寒战2	20505982	
发条城市	26695145	7090	2081	7714	2016	2864	160	喜剧/冒险/
人在驴途	26828215	330	43	369	2016	163	6	喜剧/
张震讲故事之合租屋	26781781	1497	2222	1687	2016	704	32	爱情/悬疑/惊悚/
路边野餐	26337866	
惊天大逆转	26375609	52470	9593	57114	2016	24090	547	剧情/犯罪/悬疑/
假装看不见之电影大师	26745210	
超能太阳鸭	26341315	805	210	879	2016	409	49	剧情/喜剧/动画/
绝地逃亡	24529353	
魔都凶音	26772860	811	129	900	2016	459	13	悬疑/惊悚/恐怖/
恐怖爱情故事之死亡公路	26609224	701	189	685	2016	310	11	犯罪/悬疑/恐怖/
巴霍巴利王（上）：开端	25753326	18755	9028	20970	2015	8334	160	剧情/动作/战争/
少年师爷之大禹宝藏	26647121	
红色警戒999	6875396	6108	2390	6937	2016	2322	18	剧情/动作/犯罪/
封神传奇	25850122	
催命符之劫后重生	1298653	130397	36886	172639	2000	24701	523	冒险/剧情/
毒中毒	26803692	
爱宠大机密	21817627	123452	15409	136859	2016	48191	361	喜剧/动画/
夏有乔木 雅望天堂	25843976	
狼兵吼	26827878	190	108	211	2016	100	5	动作/战争/
我最好朋友的婚礼	26394441	
使徒行者	26661003	22176	4255	19722	2017	8571	271	剧情/爱情/犯罪/
诺亚方舟漂流记	26359269	
危城	26125779	36854	3628	41123	2016	15650	417	剧情/动作/犯罪/
岛囧	26711085	584	73	641	2016	314	12	剧情/喜剧/悬疑/
精灵王座	26290390	5653	6377	5889	2016	3080	213	动画/
新大头儿子和小头爸爸2一日成才	26839582	
吉祥宝宝之我是食神	26840665	97	37	98	2016	59	2	动画/
七月半2：前世今生	26647080	
谍影重重5	26266072	117507	11153	130856	2016	47676	610	动作/悬疑/惊悚/
低碳爱情	26592942	
天使请吻我	26296546	96	32	106	2015	48	4	剧情/爱情/
花样厨神	10546813	1659	351	1887	2013	781	36	剧情/
诡新娘	26437676	674	147	728	2016	361	10	悬疑/恐怖/
在世界中心呼唤爱	1315570	38738	27599	54302	2004	7881	242	剧情/爱情/
白雪公主和三只小猪	27021323	423	151	441	2017	299	2	动画/
疯狂的疯狂	26848626	
寄生兽	25774050	75521	16727	86370	2014	27013	248	剧情/动作/科幻/
星际迷航3：超越星辰	22939161	
蹴鞠	25863024	3896	1056	4013	2017	2248	48	喜剧/
小魔仙之黑魔法来袭	26861033	
长江图	7062596	21041	16815	24063	2016	10845	369	剧情/爱情/
为爱放手	3408337	
荒村凶间	26646380	627	85	658	2016	272	15	悬疑/惊悚/
黑海夺金	10581884	
夜魔人	26853088	558	65	631	2016	211	15	悬疑/惊悚/
追凶者也	26284621	
大话西游3	26284595	44571	12658	47330	2016	25060	739	喜剧/爱情/奇幻/
爱的蟹逅	26738093	
逗鸟外传：萌宝满天飞	26374205	20088	5861	21998	2016	8749	58	喜剧/动画/奇幻/
我的战争	25945350	
三个孬家伙	26873166	401	233	469	2016	167	6	喜剧/
神兽金刚之青龙再现	26767508	
幽灵医院	26818349	813	165	884	2016	438	4	恐怖/
234说爱你	20472738	
我是哪吒	26820458	608	351	640	2016	379	11	剧情/动画/
疯狂丑小鸭	26847189	331	41	353	2016	215	1	儿童/喜剧/动画/
鲁滨逊漂流记	26721478	3268	991	3661	2016	1403	14	喜剧/动画/冒险/
湄公河行动	25815034	
遵义会议	26873292	528	94	563	2016	220	1	历史/战争/
T台魔王	26873291	142	20	161	2016	66	2	剧情/爱情/
黑处有什么	26433966	27276	12481	29904	2015	12823	430	剧情/犯罪/悬疑/
勇士	3217169	
侠探杰克：永不回头	25789402	21186	2838	23559	2016	7855	105	动作/犯罪/
机械师2：复活	25825412	
但丁密码	24860318	59601	10585	66335	2016	23172	326	悬疑/惊悚/
脑残粉	25824009	
小明和他的小伙伴们	26869052	5489	671	4766	2016	1674	46	喜剧/
枕边有张脸2	26880771	482	102	480	2016	280	10	悬疑/惊悚/
我的圣途	26776126	304	1199	333	2016	202	21	剧情/爱情/冒险/
驴得水	25921812	
笑林足球	26547005	750	128	817	2016	399	20	喜剧/运动/
伴生	26882411	
恐怖笔记	25953613	250	125	280	2016	140	8	悬疑/恐怖/
奇异博士	3025375	
蜡笔小新：梦境世界大突击	26660834	9229	2119	10158	2016	3789	69	喜剧/动画/
减法人生	26629328	690	284	786	2016	352	20	剧情/喜剧/爱情/
被劫持的爱情	26696441	139	25	153	2016	66	2	喜剧/动作/爱情/
惊天破	26220722	17514	3587	19338	2016	8374	188	剧情/动作/犯罪/
夺路而逃	26125842	1200	516	1355	2016	621	21	喜剧/动作/
外公芳龄38	26415200	
勇士之门	25845294	5534	986	5359	2016	2669	81	奇幻/冒险/
辣警霸王花	26235351	1530	342	1738	2016	649	8	喜剧/动作/
聊斋新编之画皮新娘	26770773	703	263	755	2016	368	12	惊悚/恐怖/
神奇动物在哪里	25726614	
冲天火	26365631	9168	1253	10056	2016	4562	131	动作/悬疑/
白云桥	26438800	
最萌身高差	26696875	2849	2273	3172	2016	1475	38	喜剧/爱情/
名侦探柯南：纯黑的恶梦	26596486	33165	5238	36645	2016	15335	280	动画/悬疑/
从你的全世界路过	26280528	162830	13701	175525	2016	81435	3655	喜剧/爱情/
海洋奇缘	25793398	
极速之巅	25708452	3946	1435	4398	2016	1826	33	动作/惊悚/
超级快递	26651353	
食人岛	26840300	590	272	656	2016	290	8	奇幻/恐怖/
老腔	26337155	
佩小姐的奇幻城堡	7051830	88706	26112	97439	2016	35660	462	剧情/奇幻/冒险/
试睡员48小时	26911536	
你的名字。	26683290	437382	103354	467649	2016	184335	5245	剧情/爱情/动画/
血战钢锯岭	26325320	
呆呆计划	26910800	1158	323	1286	2016	537	20	剧情/喜剧/犯罪/
塔洛	26586806	
28岁未成年	26658568	55260	8737	60305	2016	26507	1177	喜剧/爱情/奇幻/
凄灵室	26667083	
爱上试睡师	26904021	482	1154	526	2016	258	22	喜剧/爱情/
萨利机长	26416603	
反黑行动组	26335572	2117	485	2306	2015	998	14	动作/
先锋之那时青春	26831272	
流金	2154781	10654	1642	13778	2002	1740	42	剧情/爱情/
长城	6982558	
罗曼蒂克消亡史	24751763	196982	35812	214150	2016	83740	2626	剧情/动作/悬疑/
少年	26754643	
五女闹京城	26866836	226	77	249	2016	104	11	喜剧/爱情/
生门	26836588	
我在故宫修文物	26703457	60624	27712	65229	2016	22846	288	纪录片/
功夫四侠	26831514	
摆渡人	25911694	149361	14435	157921	2016	83450	3210	喜剧/爱情/
铁道飞虎	26389069	61710	6130	65221	2016	30864	962	喜剧/动作/
掠夺者	1298976	17846	2390	22883	1987	2851	31	动作/冒险/科幻/
有迹可循	26869265	
失心者	26711052	478	336	531	2016	204	3	惊悚/
绝对控制	26608448	2333	3156	2549	2016	1195	24	剧情/科幻/犯罪/
恋	24695953	1921	988	2272	2013	948	8	
冒牌卧底	26743534	
爸爸的3次婚礼	25884877	1009	1851	1156	2016	546	17	喜剧/爱情/家庭/
那年夏天你去了哪里	26876595	
你好，疯子！	26696879	42526	10349	45731	2016	20390	805	剧情/喜剧/悬疑/
情圣	26879060	80475	10156	86536	2016	36836	951	喜剧/
北极大冒险	24752662	1054	1074	1187	2014	465	11	剧情/冒险/
人鱼校花	26757794	
冰雪女皇之冬日魔咒	26108086	763	904	813	2014	449	16	动画/家庭/
单身日记：好孕来袭	3868141	
星球大战外传：侠盗一号	25894431	109246	13037	118815	2016	46693	851	动作/科幻/冒险/
一万公里的约定	26388555	
一路逆风	26416774	2272	1144	2384	2017	1309	114	纪录片/音乐/
浪漫搭档	26938345	
玩命直播	26313740	28390	6739	31360	2016	11202	134	动作/惊悚/冒险/
猪猪侠之英雄猪少年	26912427	
少年巴比伦	25876760	16032	7004	17527	2015	7700	212	剧情/喜剧/爱情/
魔弦传说	26287884	
我的诗篇	26293468	4017	4869	4453	2015	2079	200	纪录片/
大卫贝肯之倒霉特工熊	26921827	
太空旅客	3434070	114787	15050	123713	2016	49875	1633	冒险/科幻/
天空之眼	10484117	60439	28756	66425	2015	23858	646	剧情/战争/
心惊胆战	26617291	1649	390	1923	2015	710	16	惊悚/
老师也疯狂	26628239	184	147	210	2017	89	6	儿童/喜剧/
降临	21324900	195956	40182	212660	2016	82110	2629	剧情/科幻/
健忘村	26717795	
西游伏妖篇	25801066	227027	22380	239780	2017	128704	6014	喜剧/动作/奇幻/
大闹天竺	26389696	63618	10612	65525	2017	34615	965	喜剧/动作/冒险/
功夫瑜伽	26182910	102356	14753	108268	2017	53508	1169	喜剧/动作/冒险/
乘风破浪	26862259	295319	20526	313331	2017	135026	4650	剧情/喜剧/
熊出没·奇幻空间	26831711	8594	6056	8512	2017	4941	185	儿童/动画/
了不起的菲丽西	26382767	
东北往事之破马张飞	26691509	12703	3008	13220	2017	6846	179	喜剧/动作/
萤火奇兵	26766397	
极限特工：终极回归	3230115	74500	16995	80464	2017	35156	697	动作/冒险/
决战食神	26711487	
遊戏规则	26745334	4634	1235	4639	2017	2895	325	剧情/动作/
爱乐之城	25934014	
合约男女	26425081	9939	1288	11204	2017	4563	68	喜剧/爱情/
疯岳撬佳人	26815856	6423	683	6718	2017	3181	120	喜剧/爱情/
欢乐好声音	26354572	124035	20336	133544	2016	52777	692	喜剧/动画/歌舞/
上海王	4078592	
完美有多美	26668750	1629	1821	1741	2017	914	45	喜剧/爱情/奇幻/
刺客信条	11526817	
生化危机：终章	20471852	135219	32918	146329	2016	57947	1044	动作/科幻/恐怖/
乐高蝙蝠侠大电影	26145033	32928	10862	35733	2017	15245	139	喜剧/动作/动画/
惊魂绣花鞋	26883093	748	313	828	2017	381	11	惊悚/恐怖/
金刚狼3：殊死一战	25765735	
碟仙诡谭2	26331917	777	502	822	2017	517	41	悬疑/惊悚/
一条狗的使命	6873143	
诡眼	20443799	2376	718	2592	2013	691	23	惊悚/
夜色撩人	26425075	2800	2761	3065	2017	1566	110	剧情/犯罪/悬疑/
玛格丽特的春天	26961684	1306	385	1420	2017	649	42	喜剧/爱情/
天才捕手	5262339	
最终幻想15：王者之剑	26762709	24241	7262	26263	2016	10392	174	剧情/科幻/动画/
小阴谋大爱情	26697532	
毛丰美	26769471	152	155	178	2016	85	3	剧情/传记/
麦兜响当当	2277018	
走出尘埃	26425079	337	515	311	2016	141	27	剧情/
通灵姐妹	26958070	
八月	26820836	23273	21067	25553	2016	12120	557	剧情/
美女与野兽	25900945	
欢乐喜剧人	26850326	12669	5019	11184	2017	5482	156	喜剧/
金刚：骷髅岛	26309788	
领袖1935	26898854	739	397	784	2017	380	3	剧情/
嫌疑人X的献身	26606743	
绑架者	26602933	25876	5093	27809	2017	13193	345	动作/犯罪/
非凡任务	26616690	
冰雪大作战	26681656	1912	2781	2034	2015	1112	41	喜剧/动画/家庭/
有完没完	26828019	
怨灵宿舍之白纸女生	26948814	521	247	568	2017	261	9	惊悚/
攻壳机动队	25818101	
海角有个五店市	26378133	379	299	410	2017	287	7	剧情/爱情/
麦兜·当当伴我心	10772258	
点五步	26704592	2761	1295	3020	2016	1352	62	剧情/运动/
一念无明	26704590	
惊悚小说	26902792	212	91	220	2017	95	14	恐怖/
六月与弓箭	26996771	
大话西游之大圣娶亲	1292213	513333	45405	655182	1995	108502	3095	喜剧/爱情/奇幻/
指甲刀人魔	26352435	
爱情冻住了	26674021	2087	1023	2350	2016	1065	28	喜剧/爱情/
怨灵宿舍之人偶老师	27003615	
速度与激情8	26260853	188734	30625	203967	2017	79851	1303	动作/犯罪/
百鸟朝凤	10831445	
蓝精灵：寻找神秘村	19899718	9572	2946	10439	2017	4580	129	喜剧/动画/奇幻/
神秘家族	26292682	
血狼犬	26882327	3024	1568	3263	2017	1609	119	剧情/动作/冒险/
窦娥奇冤	26873820	
穆桂英挂帅	10438503	2323	68	2587	2011	1023	46	动作/爱情/古装/
夜闯寡妇村	26590030	
喜欢你	26816383	147484	14051	159357	2017	75118	1564	喜剧/爱情/
拆弹专家	26748673	
记忆大师	25884801	158449	26949	166723	2017	69809	1956	剧情/犯罪/悬疑/
春娇救志明	26639958	
灵狼传奇	26210985	413	381	468	2015	244	8	动画/奇幻/冒险/
银河护卫队2	25937854	194891	23267	209612	2017	78625	907	动作/科幻/冒险/
摔跤吧！爸爸	26387939	426693	56210	447492	2016	170384	7068	剧情/传记/运动/
咸鱼传奇	26729855	711	768	712	2017	395	18	喜剧/
麻烦家族	26907450	11187	3256	11992	2017	5890	205	喜剧/家庭/
毒。诫	26605946	11741	3074	12839	2017	4867	139	剧情/动作/犯罪/
碟仙前传	26950073	284	200	324	2017	163	2	惊悚/恐怖/
提着心吊着胆	26808466	
亚瑟王：斗兽争霸	25864124	39755	12381	43030	2017	18644	388	动作/奇幻/冒险/
超凡战队	25881615	
宝贝，再爱我一次	1432972	34186	6655	50577	1988	8081	129	剧情/家庭/
20:16	27031469	256	255	276	2017	123	71	剧情/
当怪物来敲门	25872311	24518	16395	26761	2016	10401	420	剧情/儿童/奇幻/
不期而遇	26287783	3332	2135	2673	2017	1435	86	喜剧/爱情/
异星觉醒	26718838	88871	12174	95374	2017	41249	843	科幻/惊悚/恐怖/
守护者：世纪战元	26589957	10780	5382	6320	2017	2784	76	动作/科幻/
美容针	26779288	1234	1752	1308	2017	772	52	喜剧/爱情/
小情书	26956641	
放学后	4289922	208	3575	353	1981	71	1	剧情/惊悚/情色/
抢红	26661183	
颠覆	1907116	162	71	258	1995	40	1	动画/短片/
诡异酒楼	27038491	
夏天19岁的肖像	26677981	6035	2548	6344	2017	3880	278	爱情/悬疑/
“吃吃”的爱	26279202	
摩尔庄园2海妖宝藏	10727042	409	133	471	2012	209	33	动画/儿童/奇幻/
龙骑侠	25903047	554	463	579	2015	429	25	动画/奇幻/冒险/
神奇女侠	1578714	211259	21366	226262	2017	98059	1891	动作/奇幻/冒险/
新木乃伊	20451290	77406	13921	83251	2017	36091	620	动作/奇幻/冒险/
李雷和韩梅梅	26289138	16404	3644	17117	2017	8716	202	剧情/喜剧/爱情/
漂洋过海来爱你	26775674	1074	726	890	2016	656	22	剧情/
异形：契约	11803087	128473	26291	139155	2017	53699	1349	科幻/恐怖/
借眼	26751902	
52赫兹，我爱你	26780534	1794	1377	1963	2017	1004	43	喜剧/爱情/歌舞/
女人永远是对的	26959527	
变形金刚5：最后的骑士	25824686	128122	27678	136296	2017	66847	1427	动作/科幻/
雄狮	26220650	
原谅他77次	26857793	25158	5324	27439	2017	11653	368	爱情/
我是医生	26738642	
逆时营救	26667056	38459	5116	39903	2017	21746	1320	动作/科幻/
仙球大战	25863024	
哀乐女子天团	27041519	3691	1372	3963	2017	1914	67	剧情/音乐/
不败雄心	2136824	
明月几时有	26425072	45702	22232	49234	2017	23020	930	剧情/历史/战争/
京城81号2	26662798	
神偷奶爸3	25812712	119559	29301	129320	2017	49423	401	喜剧/动画/冒险/
绝世高手	26754831	53862	8359	56721	2017	28822	822	喜剧/动作/
佛罗伦萨与乌菲兹美术馆3D	26671329	1855	6248	2066	2015	1093	23	历史/纪录片/
青禾男高	26787124	
大护法	26811587	165240	35177	174559	2017	80312	2617	喜剧/动画/奇幻/
喵星人	26747836	
达芬奇：米兰的天才	26874886	675	3081	774	2016	336	3	纪录片/
罗马四大圣殿	26870605	
绣春刀·修罗战场	26270502	169411	20261	180183	2017	81729	2592	剧情/动作/武侠/
阿唐奇遇	26803711	4035	2637	4226	2017	2264	131	动画/奇幻/冒险/
绿野仙踪之奥兹国奇幻之旅	26926449	765	737	696	2017	547	40	动画/冒险/家庭/
战狼2	26363254	
大耳朵图图之美食狂想曲	22232939	1314	1940	1357	2017	728	16	喜剧/动画/冒险/
三生三世十里桃花	25975243	98013	3758	89611	2017	47787	2528	剧情/爱情/
玩偶奇兵	27026033	509	308	505	2017	298	43	动画/奇幻/冒险/
龙之战	2009342	
心理罪	26698000	67652	15685	70366	2017	38914	2517	动作/犯罪/悬疑/
新木偶奇遇记	1299826	
破·局	26760160	27560	6220	29675	2017	12373	299	动作/犯罪/
皮绳上的魂	26177735	
赛尔号大电影6：圣者无敌	26969037	919	2147	948	2017	438	20	儿童/喜剧/动画/
极盗车神	25933890	
海边的曼彻斯特	25980443	171802	100011	186109	2016	76361	2322	剧情/家庭/
七天	2999500	
草原英雄小姐妹	1472238	5772	174	9338	1965	479	3	动画/
敦刻尔克	26607693	
黑白迷宫	26752106	5293	1927	5706	2017	2297	71	剧情/动作/犯罪/
失业生	1470865	
声之形	26264454	42790	22615	45569	2016	20608	860	剧情/爱情/动画/
猩球崛起3：终极之战	25808075	
看不见的客人	26580232	285573	75505	304392	2016	113785	1671	剧情/犯罪/悬疑/
初恋日记	26969722	450	342	500	2017	201	17	爱情/
奋斗	2138507	83445	3204	112957	2007	13354	1053	喜剧/爱情/
托马斯大电影之了不起的比赛	26830596	
王牌保镖	22266126	62812	13687	68233	2017	25120	210	喜剧/动作/犯罪/
理查大冒险	26966364	
捍卫者	27063335	2635	4298	2612	2017	1374	159	剧情/历史/战争/
空天猎	26753020	
极致追击	26426099	3059	1814	2936	2017	2041	114	动作/犯罪/冒险/
羞羞的铁拳	27038183	
钢铁飞龙之再见奥特曼	27045442	2997	1126	2813	2017	1698	72	动作/科幻/动画/
怨灵2	26808505	
回到火星	26318239	5839	3776	6369	2017	2972	71	剧情/爱情/科幻/
情遇曼哈顿	26818312	2398	1414	2545	2017	1359	77	喜剧/爱情/
十八洞村	27148198	1011	916	1058	2017	635	61	剧情/
我的爸爸是森林之王	27046450	
时间去哪儿了	27025637	2157	3304	2380	2017	1276	115	剧情/
咕噜咕噜美人鱼	26593244	
火力全开	26869140	1442	1222	1449	2016	818	81	纪录片/音乐/
全球风暴	22266012	
常在你左右	26961002	4363	2840	4679	2017	2418	80	犯罪/悬疑/
我们全家不太熟	26593059	
密战	26316956	11185	3181	10935	2017	7152	518	剧情/动作/战争/
东方快车谋杀案	25790761	94624	39264	101245	2017	42599	1093	剧情/犯罪/悬疑/
天生不对	26696871	1959	2088	2103	2017	1049	49	喜剧/爱情/
猪太狼的夏天	26877504	
英雄本色	1297574	161718	24584	219245	1986	29440	393	动作/犯罪/
恐袭波士顿	26357945	29891	22349	32400	2016	11228	242	剧情/历史/惊悚/
正义联盟	2158490	104196	29352	110315	2017	49485	1286	动作/科幻/奇幻/
暴雪将至	26775933	
降魔传	22557335	4383	2932	4283	2017	2751	132	喜剧/奇幻/
寻梦环游记	20495023	282800	56815	294646	2017	132357	3608	喜剧/动画/冒险/
刺杀盖世太保	26383923	3711	4263	3665	2017	1785	48	剧情/历史/战争/
追捕	26348414	
嘉年华	27019527	43601	48836	46230	2017	22337	1517	剧情/
维京：王者之战	26769449	
烟花	26930504	12696	15524	13174	2017	7319	507	剧情/动画/
