高朋满座	7.2	2347277	1991
大漠恩仇	0	26264464	1992
花田喜事	7.5	1416728	1993
神枪雪恨	0	4942515	1993
狂吻俄罗斯	6.5	1962939	1994
年年有今日	7.8	4191644	1994
白日女鬼	5.7	2995142	1994
梅雨季节	8.4	1766592	1995
女记者与通缉犯	0	24527033	1995
红番区	7.3	1296011	1995
铜马铁燕传奇	5.3	2995215	1995
市政厅	8.5	3713860	1996
疯狂的兔子	6.6	1938923	1997
不说过去	0	2057696	1997
97家有喜事	7.4	1305197	1997
阴阳路	6.6	1480051	1997
猫咪小贝	8.6	3642274	1999
桃色陷阱	5.7	1293819	1999
没事偷着乐	7.5	1300678	1999
女人的天空	7.3	26745186	1999
婚前别恋	0	3074643	1999
缘，妙不可言	5.3	2148618	1999
特警新人类	6.3	1299048	1999
那个夏天的日子	8.5	1779364	1999
宝莲灯	6.1	2327493	1999
北侠欧阳春	0	3598262	1999
龙飞凤舞	6.7	7163765	1999
阴阳路六之凶周刊	5.3	26961002	1999
红岩第1部	9.1	2049761	1999
红岩 第2部	8.3	26675621	1999
红岩 第3部	9.1	5968831	1999
新家法	6.3	2084048	1999
我的1919	8	1316511	1999
操心家长	0	25845913	1999
国歌	6.5	1868115	1999
兔儿爷	0	6126461	1999
美丽新世界	6.8	1419942	1999
我的父亲母亲	7.9	1294007	1999
月蚀	6.4	3289086	1999
别让我撞上你	0	24815940	2000
山村奇案	0	26088454	2000
缘份的天空	7.9	1298128	2000
辣妹天使	4.8	3134873	2000
苍山歌声洱海情	0	1302027	2000
城市爱情	0	25907115	2000
会飞的花花	6.9	2997437	2000
活着，可要记住	0	25960736	2000
刑警张玉贵之三执法者	0	20016277	2000
新言情时代	0	4116982	2000
宇宙与人	8.3	1464628	2000
保龄球奇谭	0	20438563	2000
的哥的姐	0	4179075	2000
足球大侠	5.1	4172589	2000
爱上新世纪	0	10531209	2000
警威壮贺兰	0	25792647	2000
草房子	8.1	1302666	2000
卧虎藏龙	7.9	1301168	2000
刑警故事	7	3176293	2000
称心如意	0	25958425	2000
笔祖蒙恬	0	27016420	2001
龙套	6.6	6307282	2001
毕兹卡的年轻人	0	27052390	2001
爱在塬上的日子	7.7	1291558	2001
棒球少年	0	3054440	2001
紫日	8	1308078	2001
生旦净末	7.6	2080558	2001
半碗村传奇	0	6721655	2001
谁来倾听	0	3065898	2001
罢演风波	0	26391987	2001
爱你在心口难开	0	3026741	2001
月圆今宵	6.2	2264018	2001
珍珠港	7.8	1302987	2001
致命密函	5.2	2079752	2001
为人之母	7.9	26972557	2001
北京乐与路	7.1	1298213	2001
我和连长	0	5268622	2001
聪明小鬼斗笨贼	0	4043830	2002
花眼	6.5	1421779	2002
死亡罪证	0	24383452	2002
沉甸甸的十六岁	5.1	26662489	2002
哈利·波特与魔法石	8.7	1295038	2002
麻辣女生	6.9	2303776	2002
碧血狂龙	0	5366547	2002
烟雨红颜	6.4	1456391	2002
丈母娘来了	5.7	6788274	2002
安德烈的晚上	0	10736426	2002
直接伤害	0	3168507	2002
指环王1：魔戒再现	8.9	1291571	2002
情感对白	0	26658566	2002
生命的祭坛	0	26835294	2002
恰同学少年	8.5	2148367	2002
开往春天的地铁	7	1305466	2002
冲出亚马逊	6.4	1464563	2002
喋血黄沙	8.3	1296519	2002
百骏图	6.7	1292858	2002
从心相恋	0	20411178	2002
蜘蛛侠	7.4	24753477	2002
和你在一起	7.7	1307702	2002
猎豹	4.3	1305955	2002
英雄	6.8	1306123	2002
黑白	5.2	25723093	2003
哈利·波特与密室	8.2	1296996	2003
聊聊	7.2	1483949	2003
惊涛骇浪	7.5	1298406	2003
少年英雄	7.6	2154862	2003
淘气少女求爱记	6.5	1787819	2003
指环王2：双塔奇兵	8.9	1291572	2003
成人仪式	5.9	2003514	2003
冬至	8.3	6118626	2003
危险智能	6.5	2241532	2003
黑客帝国2：重装上阵	8.4	1304141	2003
第二张脸	0	20524413	2003
双重现场	0	2079635	2003
绿茶	6.2	1308699	2003
终结者3	7	1305333	2003
诺玛的十七岁	3	26757951	2003
三十八度	6.2	1476912	2003
无间道	9	1307914	2003
中国功夫少女组	4.9	1771343	2003
天地英雄	6.4	1302705	2003
绿巨人浩克	6.5	1307354	2003
黑客帝国3：矩阵革命	8.5	1302467	2003
加勒比海盗	8.6	1298070	2003
都市爱情网络	0	26292705	2004
散打	6.1	1417441	2004
飞鹰	5.2	1307186	2004
黑客狙击	0	3098960	2004
山楂树	6.6	4151110	2004
城市女孩	8	2988894	2004
神枪手	5.8	3002820	2004
火山高校	5.9	1295703	2004
指环王3：王者无敌	9.1	1291552	2004
我爱杰西卡	6.4	1872682	2004
群雄并起	0	26306632	2004
云的南方	7.9	1418292	2004
反恐特警组	7	26882430	2004
茉莉花开	7.1	1302795	2004
喜洋洋	0	3175608	2004
自娱自乐	5.8	1316581	2004
梦一般飞翔	0	6539449	2004
旋风腿	7.8	25748643	2004
后天	8	1308779	2004
三毛救孤记	6.3	2129402	2004
烛光	8.7	3272920	2004
美丽上海	7.5	1422040	2004
黄昏清兵卫	8.7	1307306	2004
特洛伊	7.4	1308751	2004
疑案忠魂	0	6147179	2004
我男朋友的罗曼史	6	1526760	2004
十面埋伏	5.7	1308722	2004
工地上的女人	0	2135566	2004
怪物史瑞克2	7.5	1291582	2004
张思德	6.5	1938260	2004
哈利·波特与阿兹卡班的囚徒	8.2	1291544	2004
少年陈真	4.2	3229450	2004
画鸟记	0	3178799	2004
新警察故事	7.2	1306160	2004
可可西里	8.7	1308857	2004
放牛班的春天	9.2	1291549	2004
假日疑踪	0	23847249	2004
DV·爱情·夏天	0	6307446	2004
鬼城谍变	0	5366730	2004
舂米的女人	0	26670834	2004
珍珠衫	4.8	3032555	2004
天下无贼	7.7	1291550	2004
刑警张玉贵之四忠孝两全	0	20016321	2004
加菲猫	7.6	1308776	2004
花烛错	0	3175613	2004
胡同里的波西米亚人	7.5	1476255	2005
生死腾格里	0	4176639	2005
情人结	6.6	1316506	2005
一石二鸟	4	1457319	2005
我为谁狂	7	1473215	2005
初试锋芒	6.3	3260389	2005
远东特遣队之飞龙行动	0	25963267	2005
远东特遣队之鬼城计划	0	25963266	2005
远东特遣队之狼穴探密	0	25963384	2005
远东特遣队之密令截击	0	25963383	2005
远东特遣队之狭路相逢	0	25961768	2005
鸳鸯蝴蝶	7.1	1394543	2005
美人依旧	6.1	1329938	2005
绿草地	7.6	1479807	2005
孔雀	7.9	1309004	2005
破釜沉舟	7.9	10535502	2005
大寒小寒	0	1899193	2005
一个陌生女人的来信	7.5	1308799	2005
窒息	4.6	1415200	2005
两个人的芭蕾	7.6	1857405	2005
租期	6.6	1875310	2005
好大一对羊	7.4	1394530	2005
桃花灿烂	7.1	1466731	2005
山林喋血	5.2	3115176	2005
远东特遣队之夺桥喋血	0	25966019	2005
远东特遣队之铁血奇兵	0	25966016	2005
鸿门宴	6.3	5908477	2005
吕后篡汉	0	25803256	2005
鲨鱼故事	7.1	1308757	2005
红孩儿：决战火焰山	6.6	1419661	2005
龙威父子	4.1	1920116	2005
星球大战前传3：西斯的复仇	8.2	1309078	2005
结果	6.1	1762077	2005
姐姐词典	6.8	1461180	2005
终极挑战	4.5	2106269	2005
求求你表扬我	6.8	1438041	2005
头文字D	6.9	1329562	2005
法官老张轶事之回避	0	1807375	2005
任长霞	7.1	3292755	2005
史密斯夫妇	7.6	1309199	2005
马达加斯加	7.7	1309201	2005
七剑	5.8	1401205	2005
十里洋场争霸战	0	26369619	2005
良心作证	0	2297122	2005
世界之战	6.5	1309044	2005
水之北	0	3406832	2005
女刑警之黑色魔方	0	6062743	2005
太极战士	0	5937971	2005
爱去情来	0	26340328	2005
我的法兰西岁月	7	1464134	2005
鲁迅	6.9	1459399	2005
神话	6.3	1307023	2005
黑社会	7.9	1309220	2005
佐罗传奇	6.9	1309042	2005
茶马古道：德拉姆	8.1	1291830	2005
如果·爱	7.6	1418070	2005
人民公敌2	6.4	1419960	2005
随风而去	8.1	1765937	2005
警报157	0	10467750	2005
哨所外的风景	0	26369618	2006
银色头发的阿基德	6.5	1448722	2006
生死一线	0	1305298	2006
我和姐姐	5.6	1966919	2006
玉马坠	0	5341825	2006
野蛮秘笈	4.7	1758336	2006
双层公寓	6.7	1307046	2006
爱上爱	3	1480325	2006
村官过大年	0	2224980	2006
兵马俑	0	19965284	2006
纳尼亚传奇1：狮子、女巫和魔衣橱	7.2	1309052	2006
爱了再爱	8.5	4798707	2006
孤女泪	0	25889587	2006
警花燕子	5.7	1782223	2006
U57次谜案	6.2	2347360	2006
伊莎贝拉	7.6	1468155	2006
男孩向前冲	6	2357394	2006
陶器人形	3.5	2137020	2006
血战到底	8.1	6839157	2006
天籁	0	2058371	2006
生死大营救	6.3	6724687	2006
雏菊	8	1433360	2006
协议结婚	0	5366550	2006
陆小凤传奇之凤舞九天	7.3	2136212	2006
院长爸爸	0	2224979	2006
静静的嘛呢石	8	1756057	2006
绝密行动	3	4281598	2006
大山深处的保尔	0	6147236	2006
天狗	8.5	1947270	2006
真水无香	5.9	2224973	2006
梦想照进现实	6.5	1875313	2006
伯爵夫人	6.9	2075147	2006
四十五个太阳	0	20503523	2006
村民钱旺	0	26961121	2006
龙虎门	5.7	1478926	2006
谭老板	0	6558805	2006
小巷总理	0	2224944	2006
单亲家庭的幸福生活	0	3134058	2006
城市的谎言	0	24535176	2006
白秋练	6.1	3048146	2006
第601个电话	4.6	1890569	2006
快乐俏天使	0	24529260	2006
马背上的法庭	7.6	2148778	2006
跆拳道	7.2	26781921	2006
海洋朋友	0	2228234	2006
夜宴	5.6	1418605	2006
图雅的婚事	8	1966460	2006
宝贝计划	7.1	1859036	2006
城市上空的鸟	7.5	2391990	2006
卧虎	7.5	26425068	2006
伟大的族谱	6.6	1957764	2006
玉战士	4.3	1851480	2006
我人生中最美的一周	7.4	1467235	2006
茶色生香	6.3	2282509	2006
马背上的玫瑰	5.7	2061089	2006
寻找克里斯蒂娜	0	3032457	2006
墨攻	6.1	1455979	2006
战火童心	0	4324854	2006
云水谣	6.9	1949811	2006
满城尽带黄金甲	5.2	1499008	2006
篮球宝贝	5.6	2279820	2006
伤城	6.8	1867408	2006
金牌小子	0	5942157	2006
面纱	8.2	1441238	2006
小猴与笨贼	0	26378603	2007
花街节少女	0	19966504	2007
良知	0	2123523	2007
男才女貌	6.6	2228525	2007
生日快乐	7.1	1951318	2007
新忠烈图	3.6	1970594	2007
好人大冯	0	26372925	2007
爱情呼叫转移	6.3	1927686	2007
空战英豪	7.3	1849026	2007
蜗牛也是牛	7.1	2993089	2007
门徒	7.5	1890784	2007
双子神偷	5.4	1962508	2007
穿普拉达的女王	7.9	1482072	2007
别拿自己不当干部	6.9	1961844	2007
姨妈的后现代生活	7.2	1794435	2007
第三种温暖	5.5	2009887	2007
汉江怪物	7.3	1763134	2007
乱战	7	1493481	2007
情归转龙湾	0	26375625	2007
我的实习生活	4.1	3543584	2007
十三棵泡桐	7.1	2038365	2007
纸相机	0	2286934	2007
停不下的舞伴	0	2326677	2007
追爱总动员	5.1	2033877	2007
疯狂粉丝王	5	2043458	2007
信箱	4.3	2056737	2007
寄生人	5.4	2053668	2007
王者之心	7	1461919	2007
女检察官	4.1	2224982	2007
功夫无敌	3.3	2068109	2007
蜘蛛侠3	7	1418189	2007
生死狙击	7.7	1947549	2007
十分爱	7.3	2043465	2007
大唐风云	0	2983277	2007
带蓝花花的白裙子	0	3713681	2007
河内，河内	5.6	2255686	2007
加勒比海盗：世界的尽头	8	1418192	2007
28周后	6.7	1758487	2007
跟踪	8.9	1397546	2007
夜·上海	6.6	1788392	2007
每当变幻时	7.9	2070367	2007
开水要烫，姑娘要壮	8.3	2153266	2007
玫瑰心愿	0	26377646	2007
南京	8.2	1941283	2007
变形金刚	7.6	2146991	2007
男儿本色	6.8	2080133	2007
哆啦A梦:大雄的恐龙	6.6	26839466	2007
不能说的秘密	7.6	2124724	2007
哈利·波特与凤凰社	7.7	1457217	2007
天堂口	5.6	1926007	2007
大话股神	4.5	2271598	2007
夜袭	5.6	2214084	2007
香巴拉信使	8.4	2224967	2007
镖行天下之牡丹阁	6.3	2347262	2007
飞行日志	6.6	2237966	2007
美味情缘	7.6	2279912	2007
Donna on Demand	0	3087901	2007
太阳照常升起	8	1766086	2007
八月一日	6.2	2270516	2007
我的左手	6.6	2244793	2007
八月一日宏大战争场面揭秘	6.2	2270516	2007
丑女大翻身	7.1	2037796	2007
C+侦探	6.5	2263112	2007
基因决定我爱你	5.7	2052973	2007
蜘蛛人与神犬	0	24852482	2007
佳人有约	0	1831580	2007
第五行动组Ⅲ夜巴黎	0	3057378	2007
天下第二	5.9	2271640	2007
当家的是山	0	19966421	2007
海谣	0	26377619	2007
京都夏利	6.1	3162376	2007
怪女孩	6.4	25958789	2007
铁三角	6.3	1866131	2007
期盼·梦·孩子	0	5290733	2007
悟空大战二郎神	2.4	2371959	2007
独生子	8.4	1308311	2007
青藏线	4.9	2229629	2007
悲喜松花江	0	26914695	2007
大爱如天	0	2279571	2007
阿克苏的馕	0	4603398	2007
雨伞斑斓	0	2297131	2007
光荣的愤怒	8	1920620	2007
东方大港	4.7	2274465	2007
石头村发财记	0	20395154	2007
没有共产党就没有新中国	3.3	10806276	2007
星星之火	7.7	26711887	2007
兄弟之生死同盟	6.1	2278017	2007
美食总动员	8.2	1793491	2007
第三个人	8.2	1295451	2007
江北好人	5.8	2255998	2007
印度超人	6.4	1861401	2007
冰坝	0	2995901	2007
色，戒	8.1	1828115	2007
天山雪	6.1	2326219	2007
别说你爱我	0	26377564	2007
虎胆龙威4	7.6	1401535	2007
盲山	8.3	2063528	2007
箱子	6.9	2214141	2007
阿妹的诺言	7	3024212	2007
凤凰	6.9	2255992	2007
命运呼叫转移	5.7	2279772	2007
爱情手铐	0	3114225	2007
远山	8.6	2079735	2007
倾城之爱	7.8	3818607	2007
无梦之年	0	3319971	2007
投名状	6.9	1947089	2007
暖心	0	26842678	2007
笛声何处	7.3	2299371	2007
集结号	7.8	1907464	2007
纪录黎明	0	26377629	2007
两个人的教室	8.6	27115496	2007
琴麻岛的海	6.6	2287362	2007
爸爸你结婚吧	0	26351032	2007
等郎妹	7.8	2988845	2007
棒子老虎鸡	4.7	2279587	2007
舟舟	7.2	3206353	2007
小六	6.9	2163434	2007
金色面具	6.4	3814435	2008
紧急时刻	5.2	4287156	2008
耳朵大有福	7.7	2272222	2008
梦之队	6.3	4111473	2008
错爱	7.4	4287133	2008
蝴蝶飞	5.5	2359442	2008
被风吹过的夏天	0	5969159	2008
村主任和他的女友	2.8	26411410	2008
一年到头	8.2	2363843	2008
安娜与安娜	5.9	2334073	2008
游侠红牡丹	3.7	3324093	2008
北草地	0	26351030	2008
谁撞了我自己	0	26356142	2008
长江七号	6.3	1961963	2008
法官老张轶事之倔萝卜	6.4	3151757	2008
大灌篮	5.2	1950525	2008
两个人的房间	8.6	27115496	2008
成为简·奥斯汀	8.2	1920805	2008
婚礼2008	5.5	3074415	2008
神探	8.4	2027938	2008
赎罪	8.2	1950148	2008
盒饭	7	5323138	2008
花花型警	5.7	3002819	2008
独行女侠	0	3406834	2008
法官老张轶事之阳光与土地	0	26306820	2008
独当一面	4.5	4122102	2008
志愿者	7.4	3008807	2008
食神争霸	6.3	2999306	2008
双食记	7	2052978	2008
江山美人	4.5	2988163	2008
冈拉梅朵	6.4	3003092	2008
PK.COM.CN	7.1	2286009	2008
国家宝藏：夺宝秘笈	7.1	1607471	2008
史前一万年	5.9	1949761	2008
表壳里的葵花	0	10606006	2008
山娃子	0	26356139	2008
左右	6.5	2059225	2008
三国之见龙卸甲	5.1	1947091	2008
黄石的孩子	6.7	1923474	2008
扣篮对决	5.9	2972591	2008
狂蟒惊魂	2.6	2363830	2008
5颗子弹	5.1	2256038	2008
立春	8	3036997	2008
无痕取证	0	6971304	2008
天边的情歌	0	3047962	2008
欢乐树	0	3047963	2008
功夫好男儿	2.6	4718275	2008
功夫之王	5.3	1939414	2008
钢铁侠	7.5	3231742	2008
刺青怨	6.1	3714078	2008
收藏记忆的角落	0	3732751	2008
樱桃	5.6	6529885	2008
扈三娘与矮脚虎王英	5	3400766	2008
买买提的2008	7.2	3024072	2008
青面兽杨志	5.2	3092178	2008
少林四小龙	3.8	3148548	2008
龙之战	4	2009342	2008
哈！哈！哈！	3.3	3070654	2008
时尚先生	4.7	3032912	2008
母亲的眼睛	0	6224544	2008
淘金俏冤家	5.8	1920730	2008
葫芦兄弟	8.8	1428576	2008
前方一百米调头	7.5	3111395	2008
赤松威龙	0	3091051	2008
27套礼服	6.7	2132120	2008
潜艇总动员	7.7	1303794	2008
追星家族	7.1	10766459	2008
萧锋血战陈庄	0	6710814	2008
纯爱	6.5	3268238	2008
深海寻人	5.8	2123510	2008
千钧。一发	7.9	2256043	2008
牛奶风尚	4.4	1926492	2008
爱上一条辉	0	3273447	2008
幸福	8.5	1418614	2008
义薄云天	8.1	1293891	2008
我人生中最精彩的瞬间	7.2	3072884	2008
盘尼西林1944	5.4	3115170	2008
鸟巢	5.7	25862279	2008
小胡同大尊严	0	3223648	2008
五品县令	0	3286398	2008
十七	6.5	3172056	2008
月亮	9	6313765	2008
尼玛家的女人们	7.6	3032543	2008
电竞之王	5.1	3114904	2008
幸福合同	6.7	4160433	2008
马石山十勇士	6.4	3239703	2008
阳光并不遥远	0	26384048	2008
筑梦2008	7.5	3266406	2008
精舞门	4.7	3212106	2008
野蛮的温柔	4.7	3065473	2008
旗鱼	7.4	1304608	2008
全民超人汉考克	6.7	1949312	2008
烽火	6.8	2972499	2008
赤壁(上)	6.3	1465829	2008
毕业那天，我们说相声	0	5296304	2008
八号地块	0	26377508	2008
无法结局	6.1	3286475	2008
极限救援	6.2	3118930	2008
破冰	7.2	10344754	2008
向钱冲，向前冲	2.3	3158751	2008
圣经里的秘密	8.3	2133323	2008
十全九美	5.1	3126196	2008
荒村客栈	3.9	2277019	2008
无敌浩克	6.8	1866475	2008
欣月童话	6.3	2277015	2008
嫁妆	6	6038021	2008
入殓师	8.8	2149806	2008
八十一格	3.5	3189967	2008
滚拉拉的枪	8.1	3193264	2008
李米的猜想	7.7	3230459	2008
俄玛之子	0	3757263	2008
保持通话	6.7	2359431	2008
画皮	6.5	2135981	2008
即日启程	7.1	3250377	2008
通缉令	7.4	1945336	2008
真功夫之奥运在我家	7.6	3210978	2008
在那茫茫的草原上	0	25834961	2008
有了心思你慢慢来	0	3254209	2008
丢失的耳朵	0	19966486	2008
强扭瓜不甜	0	26880996	2008
武术之少年行	5.4	1950530	2008
超强台风	4	3266407	2008
北京等待	3.8	2124750	2008
海上梦境	5.4	3071252	2008
大海道之灵舞狂沙	0	20435047	2008
007：大破量子危机	6.4	1946882	2008
颤栗的琴弦	0	26417327	2008
过界	5.6	19944289	2008
车逝	6	3239695	2008
点亮欧洲	0	3226568	2008
腊月雪	0	4781013	2008
马桶上的甜蜜生活	5.8	3222874	2008
永远是春天	0	3272188	2008
胡同里的阳光	7.3	2225498	2008
青松岭惊魂	0	10439247	2008
味道男女	4.6	3278775	2008
离爱只有半米远	6.1	3598368	2008
流年	0	4038311	2008
桃花运	5.7	3268216	2008
证人	7.2	3312344	2008
烈焰奇侠：黄金军团	6.7	1873750	2008
硬汉	6.1	2222995	2008
情归伊敏河	0	26383998	2008
梅兰芳	6.9	1891179	2008
结婚前奏曲	6.4	3993454	2008
叶问	7.5	3041806	2008
诡计	6	26665873	2008
半个萝卜一个坑	0	4843132	2008
生日快乐！安先生	0	3733896	2008
非诚勿扰	7.1	3313801	2008
小英雄雨来	4	3406827	2009
赤壁(下)	6.4	3291930	2009
天荒情未老	0	26754407	2009
家有喜事2009	5.4	3244162	2009
仙境之桥	7.8	1860745	2009
谁动了我的幸福	7.2	3538072	2009
动物狂欢节	0	2224986	2009
高兴	6.5	3607666	2009
李逵传奇	0	6717557	2009
玩命快递3	6.8	3018122	2009
夜玫瑰	6.6	3596506	2009
爱得起	5.7	3447595	2009
行动目标希特勒	7	2028647	2009
护宝娇娃	4.1	3558655	2009
七龙珠	9	1782006	2009
腾越殇魂	8.3	3609154	2009
常青藤	0	26384844	2009
好梦成真	0	2333792	2009
玩家	7.9	1309070	2009
袁隆平	6.4	3737287	2009
蟹蟹侬	4.8	3304011	2009
泰山功夫	3.5	3629261	2009
东邪西毒：终极版	8.7	3726072	2009
大战外星人	6.9	2028650	2009
古宅魂迷	2.5	3012388	2009
缘来是爱	7.3	4135721	2009
红河	7.1	3111650	2009
决战太原	7.5	4886295	2009
心事	0	25847561	2009
京武风云	0	4603400	2009
春晓	0	4841271	2009
妈妈回来了	0	26384855	2009
立正	0	3649541	2009
机动部队-同袍	6.3	3391271	2009
花落时节	0	3264823	2009
彼岸	8.4	4074143	2009
拉贝日记	7.2	2294565	2009
金刚狼	7.2	1792928	2009
车票	6	3290451	2009
鏖兵天府	6.4	3732579	2009
东方巨响	8.5	3115174	2009
与梦相约	0	4901705	2009
星际迷航	7.9	26656750	2009
土地从这里延伸	0	26676461	2009
铁人	7.8	1432146	2009
雪红	0	3993757	2009
南京的那个夏天	6.8	3737284	2009
男生贾里新传	6.1	3221902	2009
同学	8.5	3780369	2009
潘作良	6.9	3756707	2009
终结者2018	6.7	1410556	2009
清官图之龙凤呈祥	0	26388529	2009
欠我十万零五千	5.4	3737290	2009
水脑袋	8.5	3814081	2009
生日	7.8	6738775	2009
让我为你靠点谱	7.5	3992617	2009
金山	7	2209383	2009
牛铃响叮当	6.1	26941790	2009
沉默的呼喊	0	19965290	2009
天有多高	0	5937927	2009
寻找成龙	3.7	3737278	2009
龙顶	0	10569008	2009
燃烧的生命	0	3993433	2009
别尔克乌	0	6436779	2009
夜·店	6.6	3683409	2009
大内密探灵灵狗	5	3670447	2009
哆啦A梦：大雄与绿巨人传	7.1	2977870	2009
秀水街	0	4320273	2009
木香镇传奇	5.7	4122197	2009
机器侠	5.2	3990500	2009
国家要案	6.9	1905786	2009
白银帝国	6.3	3445526	2009
飞吧霹雳	3.8	3928375	2009
李秋实	0	26362206	2009
爱我就给我跳支舞	0	3924476	2009
气喘吁吁	4	3389558	2009
万家灯火	8.2	1419052	2009
爱有来生	7.5	3155477	2009
沂蒙六姐妹	7.6	3778246	2009
大明宫	8.7	5356803	2009
达达	6.3	3243637	2009
谁主沉浮	8.7	3918528	2009
铁流1949	5.8	4073876	2009
惊天动地	8.1	1300618	2009
第一军规	4.7	3899166	2009
窈窕绅士	6.1	3897667	2009
麦田	5	3582229	2009
风声	8	3734112	2009
皇家刺青	4.7	3189969	2009
狼灾记	4.3	3231724	2009
特工008	5.7	3293034	2009
秘岸	6.1	3011906	2009
天生幻想狂	5.8	3763241	2009
欠债还情	6.3	5285699	2009
阿童木	6.8	1917074	2009
戏伴人生	0	26295969	2009
别哭，我心爱的	0	26387873	2009
医痴叶天士	7.2	4116995	2009
光之美少女：充满秘密的玩具王国	7.8	24858416	2009
罪与罚	6.6	3731463	2009
7天爱上你	5.6	3757161	2009
玫瑰余香	3.9	4917707	2009
隋朝来客	4.6	3737283	2009
狐女	3.5	4858756	2009
青花运	0	5256469	2009
火星没事	4.9	3892235	2009
小人国	8.5	3778273	2009
大海道之魅影狂沙	0	20435046	2009
暮光之城	7.3	2268359	2009
第九区	8.2	3006772	2009
美味情歌	5.1	3681693	2009
你好澳门	0	4202320	2009
北魏传奇之情缘	0	21319316	2009
濠河边上的女人	6.4	6080849	2009
刺陵	3.7	3305722	2009
刘巧儿家飞来个小洋妞	0	26389351	2009
太阳的颜色	0	26389350	2009
奥戈	5.8	4166383	2009
父亲的梦想	0	5382852	2009
午夜出租车	3.5	3999737	2009
黄河滩	0	5256440	2009
逃亡者	8.5	1303562	2010
恩怨	0	5407101	2010
邻家特工	6.1	3179758	2010
我和红七军	0	5256468	2010
孔子	5.3	3606975	2010
喜羊羊与灰太狼之虎虎生威	6.8	4082101	2010
锦衣卫	5.9	3754946	2010
心迷	0	26004048	2010
连环扣	7.7	1303123	2010
苏乞儿	7.4	1297863	2010
花田囍事2010	5.2	3804746	2010
全城热恋	6.3	4066206	2010
亚瑟和他的迷你王国2	6.2	1981642	2010
大侦探福尔摩斯	7.5	2998270	2010
极限空间	6.6	3094580	2010
好雨时节	6.4	3401409	2010
大胃王	3.7	2357397	2010
不要回头	6.3	2213119	2010
篮球小皇帝	8.4	3206681	2010
迷魂陷阱	5.3	3244066	2010
武动青春	4.2	3728375	2010
波西·杰克逊与神火之盗	5.9	3090455	2010
越光宝盒	5.2	3928370	2010
爱丽丝梦游仙境	7	2336785	2010
云上的人	7.7	1291558	2010
歌声的翅膀	0	5912984	2010
火龙对决	6.1	3993708	2010
澳门1949	4.5	4363034	2010
孤胆拯救	3.7	3011600	2010
弹.道	6.4	3156600	2010
天上掉下个林妹妹	6.5	2284425	2010
预审	6.3	4251801	2010
岁月神偷	8.6	3792799	2010
孤堡惊情	7.4	2122766	2010
快枪手	5.1	26219893	2010
东风雨	5.4	3562446	2010
笨贼总动员	0	25805058	2010
百合奖颁奖礼	0	5128321	2010
A面B面	5.7	3426848	2010
武林外传动画版	5.6	4827532	2010
冰刀双人舞	7.3	4826768	2010
圣地额济纳	6.4	4097249	2010
情定敖木仑	7.4	10574468	2010
三笑之才子佳人	3.9	3993553	2010
拉卜楞人家	7.7	4833561	2010
夺命手机	6.2	3346995	2010
感情生活	5.3	3767411	2010
别跟狗较劲	5.3	5954078	2010
镖行天下前传之四百里加急	6.5	5355168	2010
塞上情仇	0	5423510	2010
钢琴小神童	8.6	1900840	2010
犹太女孩在上海	4.5	5374399	2010
超蛙战士之初露锋芒	4.1	3811388	2010
冷宅	0	6003239	2010
高度怀疑	7.1	3006781	2010
异度公寓	2.7	4827536	2010
非常女秘书	3.3	5423380	2010
算命	8.9	4073872	2010
不是闹着玩的	7.2	4707225	2010
手语时代	7	4827937	2010
北纬31度录像带	3.6	4822341	2010
第13届上海国际电影节开幕式	0	27079348	2010
香奈儿秘密情史	6.6	3172300	2010
和声	8.5	4861627	2010
摇摆de婚约	5.7	4707209	2010
杨雄与石秀	5.6	5341811	2010
玩具总动员3	8.8	1858711	2010
碧罗雪山	8	4833562	2010
海洋天堂	7.9	4004731	2010
电影频道传媒大奖	8.4	1297531	2010
刺水	6.6	4849954	2010
村官普发兴	7.5	4903618	2010
叶问前传	5.7	4134631	2010
椰岛民谣	0	5382892	2010
枪王之王	6.6	4133988	2010
嘻游记	3.3	4843641	2010
惊情	7.7	1293124	2010
明天是否来临	0	4888231	2010
大国手之胜者为王	7.2	1298252	2010
唐伯虎点秋香2	8.4	1306249	2010
梦回金沙城	4.6	4603376	2010
黑色闪电	6.3	4297254	2010
镖行天下前传之编外人选	6.3	5355174	2010
七小罗汉	4.9	4881121	2010
初恋红豆冰	7.6	3745292	2010
等着你回来	3.3	3851822	2010
阿黛拉的非凡冒险	6.8	3628370	2010
爱要向前冲	0	4920569	2010
大桥下	0	4930411	2010
大碌碡和他的村民们	0	5907319	2010
铁血丹心邓演达	0	6558785	2010
恋爱通告	5.9	4707230	2010
荒村公寓	3.9	3566540	2010
怪物史瑞克4	7.5	2072478	2010
龙凤店	4.8	4735944	2010
世博总动员	2.2	4903626	2010
大国手之扬州论枰	7.5	5912979	2010
最后的风之子	4.9	2363919	2010
线人	7.3	4133814	2010
哎	7.3	5265166	2010
第十届中国长春电影节颁奖典礼	0	26311942	2010
盗梦空间	9.2	3541415	2010
夕花朝拾	6	5265130	2010
一只狗的大学时光	6.3	4812761	2010
举起手来2：追击阿多丸	4.2	4926002	2010
心灵搏击	6.8	1293978	2010
守望者	8.1	1972698	2010
步步惊心	8.1	5384548	2010
泡芙小姐的金鱼缸	6.4	5284554	2010
精武风云·陈真	6	3792816	2010
江湖再见	8	3586716	2010
米香	7.3	3609001	2010
最后的讲座	0	6835260	2010
查理曼大帝密码	5.6	3676887	2010
双重追击	6.5	2074344	2010
感染列岛	6.3	2983135	2010
阿泽的夏天	6	5296754	2010
绝命岛	3.1	4922850	2010
玩命魔术	3.1	6886467	2010
L.I	5.1	26287804	2010
华尔街2：金钱永不眠	6.4	3103683	2010
我是植物人	7.5	4861395	2010
华尔街：金钱永不眠	6.4	3103683	2010
红茶镇	0	5941748	2010
外滩佚事	6.6	4111495	2010
爱情维修站	5.6	5044741	2010
迷城	5.5	25837175	2010
跟我的前妻谈恋爱	5.3	5282454	2010
虎头要塞之舌头	6	20262301	2010
天上人	5	5270345	2010
泰若星球	6.8	4826177	2010
西风烈	5.9	4082544	2010
永生羊	7.6	5353077	2010
密室之不可告人	5.8	4894075	2010
功夫·咏春	5.5	5250341	2010
日照重庆	6.4	4824223	2010
康定情歌	6.5	5045804	2010
西游新传	5.7	4917723	2010
爱出色	5.9	4711195	2010
老虎都要嫁	6	4233892	2010
生化危机：战神再生	6.3	3041294	2010
大师谢晋	0	3272907	2010
李小龙我的兄弟	6.3	4915135	2010
爱在微博蔓延时	6.4	5374357	2010
永恒之火	6.9	4016665	2010
幸福在2010	7.6	5382893	2010
在一起	9.5	26794215	2010
我的幸福	7.1	4824145	2010
赵氏孤儿	5.8	3546019	2010
大国手之天下无敌	7.1	5407087	2010
回忆之前忘记之后	5	5379962	2010
午夜心跳	3.3	4894074	2010
西海固纪事之农机站长	0	26394230	2010
恋人絮语	6	4043763	2010
一路有你	6	3574559	2010
纳尼亚传奇：黎明踏浪号	6.5	2131291	2011
创：战纪	6.4	2997134	2011
喜羊羊与灰太狼之兔年顶呱呱	6.2	5364978	2011
武林外传	9.3	3882715	2011
冰冷热带鱼	7.5	4830236	2011
让爱情飞一会儿	0	5951431	2011
我爱HK开心万岁	7	5318665	2011
我知女人心	5.6	4845414	2011
熊猫总动员	3.4	4913184	2011
青蜂侠	5.7	2147836	2011
将爱情进行到底	6.6	4896263	2011
致命伴旅	6.6	4190211	2011
旷继勋蓬遂起义	0	5985916	2011
丛林有情狼	6.3	3026555	2011
金门新娘	6.6	5256480	2011
再吻我一次	7	3317125	2011
致命请柬	2.5	5992886	2011
幸存日	4.8	5415664	2011
奇袭60阵地	7.4	3681128	2011
寻龙夺宝	3.7	5355365	2011
惊沙	5.8	5343383	2011
刀见笑	5.7	4051608	2011
琴动我心	4.6	5924216	2011
一座城市和两个女孩	0	6038031	2011
房不剩防	5.8	4960204	2011
上苍保佑	6.9	6396691	2011
守望者：罪恶迷途	6.8	4821015	2011
侠盗石川	6.7	2301772	2011
硬汉2：奉陪到底	6.4	4917698	2011
宅男总动员：女神归来	3.6	5345423	2011
蔡李佛—极限拳速	3.6	6013880	2011
那些一见钟情的事	6.7	6078900	2011
米克的近路	6.4	4067195	2011
西藏往事	6.5	4116937	2011
万有引力	6.4	4906427	2011
激战运钞车	5.6	2058846	2011
美少女特攻队	6.1	3262050	2011
藏客	5.4	5969336	2011
倩女幽魂	8.6	1297447	2011
赢家	6.6	5954347	2011
美好时光	8.8	4817020	2011
第18届北京大学生电影节颁奖典礼	0	20512955	2011
跟踪孔令学	6.5	4910183	2011
B+侦探	5.7	4118060	2011
恐龙宝贝	3.5	6104783	2011
劳拉的星星在中国	5.9	5163546	2011
大太阳	5.3	5977833	2011
乌鲁木齐的天空	7.3	6110557	2011
最爱	7.2	4843637	2011
第63届戛纳国际电影节	0	25785142	2011
百年情书	6.5	5915794	2011
宇宙英雄之超银河传说	6.9	3929463	2011
大震撼	2.1	6383549	2011
宿醉2	6.8	3654340	2011
守护童年	4.9	4713993	2011
狗头金	6.5	6129688	2011
功夫熊猫2	8	3233635	2011
绝代-末代女土司	5.9	6425103	2011
岁岁清明	6.5	4910198	2011
敏感事件	5.1	4922802	2011
超能游戏者	5.5	6428516	2011
北川重生	5	6519582	2011
歌行千里	0	6527274	2011
男得有爱	4.9	5337543	2011
电影频道传媒大奖	8.4	1297531	2011
冒牌董事长	0	19966530	2011
成成烽火之投笔从戎	0	6796185	2011
雪花秘扇	5.6	4135434	2011
重来	8.5	6874403	2011
财神客栈	5.3	4707596	2011
秋之白华	6.6	5343629	2011
山村风云	0	1305078	2011
飞天	3	6519585	2011
终极快递	6.5	3718493	2011
一号档案守护者	0	6714122	2011
孤岛惊魂	3.2	5364987	2011
战略特勤组	7.8	2275370	2011
迷途追凶	5.8	4310059	2011
钢的琴	8.3	4876722	2011
一夜未了情	5.1	6527170	2011
郭明义	4.7	6013758	2011
杨善洲	7.2	6519575	2011
蛋炒饭	6.8	6083109	2011
赛尔号之寻找凤凰神兽	3.2	6078953	2011
古田1929	0	6755933	2011
孔庆德生死护送卡尔逊	0	6872234	2011
爱到底	6	3552301	2011
雷锋侠	2.3	26266928	2011
黑夜 白天 出租车	7.4	6778687	2011
摩尔庄园冰世纪	5.4	6389522	2011
无极限之危情速递	2.9	5337532	2011
女巫季节	5.5	3017651	2011
新地道战2：父子奇兵	0	6800533	2011
赛车总动员2	7.6	3036478	2011
我们的傻老哥	6.9	4900088	2011
通道转兵	2.9	6519563	2011
幸福卡片	5.8	5319823	2011
全球热恋	5.6	5290729	2011
美国队长	7.9	6390823	2011
大武生	5.2	5355187	2011
如果723	0	26765336	2011
狂暴飞车	5.7	4014405	2011
英雄喋血	6	6792683	2011
挪威的森林	5.9	3168086	2011
抵抗！抵抗！	4.3	6852390	2011
辛亥革命	6.2	4896305	2011
正·青春	4.5	6796180	2011
画壁	4.4	5194471	2011
民的1911	0	6838495	2011
鸡妈鸭仔	7	6001034	2011
夏日乐悠悠	6.2	6514105	2011
闯堂兔	3.8	6843093	2011
完美的爱	3.4	5366661	2011
竞雄女侠秋瑾	6.3	5924360	2011
哥伦比亚马戏团	7.8	3671936	2011
床下有人	2.8	6753096	2011
假如没有你	4.6	6855757	2011
双重身份	4.3	3407821	2011
信义兄弟	7.1	6872239	2011
幸福额度	5.8	6225992	2011
与时尚同居	5.6	6101834	2011
风铃	4.2	6900614	2011
梦游	6.8	2037834	2011
先遣连	5.7	6855101	2011
不明身份	7	3614963	2011
寻找刘三姐	5.6	4223304	2011
星空	7.1	5993185	2011
转山	8	5318669	2011
Hello！树先生	7.2	4135710	2011
北角	6.3	6514087	2011
铁甲钢拳	8.1	1972729	2011
宅男电台	7.1	6894068	2011
光棍终结者	4.4	6815117	2011
郎在对门唱山歌	6.8	6126445	2011
爱情天梯	7.4	10594977	2011
午夜凶梦	3.4	6013868	2011
驱魔者	5.9	2028661	2011
鸿门宴传奇	6.3	5908477	2011
开心魔法	4.2	6717575	2011
赛车传奇	4.3	6396689	2011
魔法奇幻秀	6.9	2282449	2011
深海之战	5.2	4861402	2011
国土资源局长	0	10864323	2011
婚前试爱	5.6	5285669	2011
不怕贼惦记	4.3	6110563	2011
张艺谋和他的金陵十三钗	8.2	7065229	2011
龙门飞甲	6.7	4896304	2011
父亲	8.5	4154555	2011
亲密敌人	5.6	6062731	2011
37℃爱	8.6	1302827	2011
梦宅诡影	6.2	3818565	2011
玩命狙击	3.2	7056769	2011
深度谜案	6.7	1950192	2011
喜酒	3.1	5942150	2012
行歌坐月	7	6849056	2012
绝录求生	4.9	7055675	2012
开心大冒险	3.9	7065352	2012
大魔术师	6.6	4913200	2012
胡桃夹子：魔境冒险	6.3	3012819	2012
亲家过年	5.7	6971017	2012
八星抱喜	4.9	6873331	2012
饭局也疯狂	4.9	6788265	2012
自古英雄出少年之岳飞	4.2	6974003	2012
惊魂游戏	3.7	6536267	2012
变身男女	5	6714088	2012
虫样年华	5.9	10465119	2012
孙子从美国来	8.4	10467774	2012
夺命金	7.2	3532614	2012
我愿意	5.8	6782006	2012
夜店诡谈	3.3	6110569	2012
爱	8.5	4798707	2012
特工维诺德	5.9	3600769	2012
浮出水面的影子	4.8	6038023	2012
苏黎世情缘	6.4	3148699	2012
乌龙戏凤2012	3.8	10432937	2012
国王的演讲	8.3	4023638	2012
双城计中计	6.6	6890469	2012
战马	8	4206436	2012
灵魂中转站	5.8	10487603	2012
红鹰侠	5	5044742	2012
变节：潜罪犯	6.1	6811422	2012
非常小特工之时间大盗	5.6	4058963	2012
高举爱	6.1	6781967	2012
女人如花	4.8	6876057	2012
神通乡巴佬	3.8	10487240	2012
索马里真相	3.9	6889755	2012
仰望星空	7.3	7062600	2012
玩命追踪	6.1	3238087	2012
兵临城下之决战要塞	7.6	5361544	2012
我和你	7.1	6384752	2012
饮食男女2012	5.3	6037977	2012
初到东京	6.3	6428132	2012
死亡迷局	3.6	5342081	2012
诸神之怒	5.9	4824515	2012
神马都是浮云	3.4	6710796	2012
绣花鞋	4.4	6855094	2012
台北飘雪	5.5	3632506	2012
泰坦尼克号	9.2	1292722	2012
一夜成名	2.7	6755902	2012
纽约行动	4.3	2996752	2012
荒岛情未了	3.7	5951224	2012
我是中国人	2.7	6845675	2012
黄金大劫案	6.8	6080775	2012
扎西1935	0	11627074	2012
云上太阳	6.5	4841182	2012
我是大熊猫	3	10583296	2012
与妻书	6.5	5915794	2012
月色狰狞	3.3	10553094	2012
复仇者联盟	8	1866479	2012
飞越老人院	7.8	6872244	2012
追凶	9	26883064	2012
今天·明天	3.5	10583882	2012
三个火枪手	6.7	4035906	2012
浮城大亨	7.2	10586620	2012
我十一	7.3	5044737	2012
忠诚与背叛	4.6	10746136	2012
我与拉拉	0	10591345	2012
神勇投弹手	5.6	10734527	2012
雨果	7.6	2028677	2012
潜艇总动员2	3.2	10748141	2012
醉后一夜	5.5	6722888	2012
白雪公主之魔镜魔镜	5.9	5967821	2012
37	7.6	1859053	2012
戚继光英雄传	2.2	10757012	2012
雅典娜：无间谍局	4.8	10758223	2012
马达加斯加3	8.2	3178770	2012
第一次	9.1	27103757	2012
笔仙惊魂	3.2	25828701	2012
半夜不要照镜子	3.5	10569133	2012
蓝调海之恋	4.4	10740290	2012
特工争风	6.5	4301278	2012
勇敢传说	7.4	3036473	2012
边防站	5.7	10833850	2012
擒爱记	5	10554941	2012
悬赏	5.9	11531725	2012
猪猪侠之囧囧危机3D	4	26358025	2012
非常绑匪	3.1	5924218	2012
青春搏击	4	10601033	2012
一八九四·甲午大海战	5.2	6080772	2012
搜索	7.3	6799191	2012
纸雪花	0	10809839	2012
四大名捕	4.8	10604892	2012
绝色武器	3.9	10828426	2012
爱的面包魂	5.9	6858739	2012
母语	6.5	6855108	2012
宝马狂想曲	3.7	6901135	2012
神探亨特张	6.9	6880590	2012
在劫难逃	5.7	4308001	2012
老雷斯的故事	6.8	3893805	2012
机械师	7.5	1309160	2012
平壤之约	4	10478122	2012
请叫我英雄	7	25899379	2012
听风者	6.8	6041191	2012
巴特拉尔传说	0	4962689	2012
我爱灰太狼	2.7	24325767	2012
拯救第365天	3.1	10866863	2012
消失的子弹	6.5	6991110	2012
林肯律师	7.7	2996790	2012
华丽之后	5.7	6068517	2012
河东狮吼2	3.3	6221409	2012
边境风云	7.7	11501396	2012
天津闲人	7.5	10864754	2012
一起飞	4.8	6946773	2012
爆笑角斗士	6.3	6534064	2012
哭笑不得	3	7051307	2012
守株人	3.5	7053739	2012
超凡蜘蛛侠	7.2	6082518	2012
普罗米修斯	7.2	3771562	2012
稍安勿躁	3.2	10617749	2012
秘鲁大冒险3D	8.2	26277313	2012
黑衣女人	5.8	5156706	2012
毕业那年	3.8	10759842	2012
渡江！渡江！	2.6	10527199	2012
男人不易	0	24815439	2012
危险关系	5.8	6527269	2012
二次曝光	6.1	6878446	2012
萨米大冒险	6.8	3074533	2012
飓风营救2	6.7	3606971	2012
吴仁宝	3.8	11627084	2012
最长的拥抱	5.1	11594964	2012
男人如衣服	5	10606939	2012
拳皇	7.5	27013044	2012
岁月无声	6.8	6126441	2012
大碗茶	7.5	10738246	2012
夏日童谣	0	27153676	2012
安娜·卡列尼娜	7.1	6110546	2012
湘南起义	2.6	11636794	2012
暮光之城4：破晓(上)	6.5	4889554	2012
三个未婚妈妈	4	10813354	2012
诡爱	4.9	11636413	2012
冰雪11天	5.3	10810268	2012
无敌破坏王	8.6	6534248	2012
缘来是咱俩	3.6	5256426	2012
横山号	4.6	10521681	2012
新妈妈再爱我一次	8.3	1432972	2012
天生爱情狂	5.8	10456963	2012
幸福迷途	5.2	10567087	2012
一次别离	8.7	5964718	2012
守护者联盟	3.9	26589957	2012
给野兽献花	4.9	6389532	2012
八卦宗师	2.9	10583890	2012
目击者	8.1	11600078	2012
少年派的奇幻漂流	9	1929463	2012
无间罪	2.6	11612905	2012
王的盛宴	5.3	4202204	2012
飞扬的青春	3.8	11632726	2012
铁线虫入侵	6.5	6839145	2012
小鱼吃大鱼	6.2	20278801	2012
人再囧途之泰囧	7.4	10574622	2012
十二生肖	6.7	4212172	2012
凶间雪山	3.7	10478207	2012
桃枝的桃	5.8	20429392	2012
秘密花园	8.3	4967578	2012
咱们是亲人	0	19997822	2012
南方大冰雪	4.7	20427700	2012
金箍棒传奇	4.7	20411172	2012
玩命时光	3.3	4942768	2012
犀利人妻	5.4	10461368	2013
大叔，我爱你	5.4	10827168	2013
危情营救	2.7	6999296	2013
喜剧王	2.8	10751153	2013
夺宝联盟	7.1	5502697	2013
都是手机惹的祸	2.2	20501146	2013
007：大破天幕杀机	6.9	2363876	2013
小小飞虎队	3.8	19977815	2013
波鲁鲁冰雪大冒险	6.4	20416699	2013
孤岛惊魂2	2.8	20380318	2013
巴啦啦小魔仙	3.5	20369263	2013
洛克王国2圣龙的心愿	5.7	20443571	2013
女蛹之人皮嫁衣	6.5	6793319	2013
全城高考	5	10759926	2013
爱情不NG	4.8	10594958	2013
越来越好之村晚	4.3	20395646	2013
101次求婚	5.6	5319835	2013
侠探杰克	5.9	25789402	2013
电梯惊魂	3.5	10773447	2013
霍比特人：意外之旅	8.1	1966182	2013
杨光的快乐生活	7.5	16535386	2013
国徽	5.3	19965216	2013
悲惨世界	8.5	6860160	2013
三月情流感	3.5	10583863	2013
午夜微博	3.5	6844887	2013
南泥湾	2.4	19944520	2013
特警判官	6.3	3387483	2013
劫案迷云	6	5151892	2013
青春雷锋	2.5	11627079	2013
雷锋的微笑	2.4	21363244	2013
雷锋在1959	2.8	20438460	2013
逆世界	6.2	3566266	2013
暴走吧，女人	4.4	10764042	2013
午夜火车	3.2	21339648	2013
笑功震武林	4.6	6984061	2013
萧红	6.3	6781971	2013
铁娘子：坚固柔情	7.6	3073158	2013
不要迷恋姐	2.6	21359363	2013
爱神	7.4	1309029	2013
囧人之越挠越痒	3.7	10545947	2013
骇战	6.1	7161695	2013
爱情银行	6	11632586	2013
虎胆龙威5	6.2	4312428	2013
北京遇上西雅图	7.4	10574468	2013
刘老庄八十二壮士	4.3	19967789	2013
止杀令	5.1	21357362	2013
叶问：终极一战	6.2	10794042	2013
巨人捕手杰克	6.1	3415993	2013
楼	2.8	21264290	2013
梦幻岛	5.9	5378594	2013
厨子戏子痞子	7	6011806	2013
魔境仙踪	6.3	4816602	2013
毒战	7.2	10344754	2013
忠烈杨家将	6	5996799	2013
石榴树上结樱桃	5.1	3774036	2013
分手合约	5.7	19973815	2013
金太狼的幸福生活	6.8	10514846	2013
特种部队2：全面反击	6.4	4301181	2013
甜蜜18岁	5.3	10759790	2013
柠檬	4.2	6894260	2013
刺夜	5.6	11226120	2013
变身超人	6.6	10833970	2013
疯狂原始人	8.7	1907966	2013
致我们终将逝去的青春	6.6	6973376	2013
同谋	4.9	10617168	2013
西柏坡2：英雄王二小	2.6	19977818	2013
人间蒸发	2.8	20280082	2013
石器时代之百万大侦探	3.2	10756728	2013
百家乐翻天	5.7	6514136	2013
大野狼和小绵羊的爱情	6.6	10467779	2013
星爸客	7.3	5959696	2013
钢铁侠3	7.5	3231742	2013
弹无虚发之深藏不露	0	19966096	2013
弹无虚发之天国宝藏	6.2	24526990	2013
弹无虚发之死亡之海	5.7	24527030	2013
致康乃馨	0	25839169	2013
天错	7.5	2158352	2013
弹无虚发之对决黄金谷	0	24527037	2013
弹无虚发之葬马	5.4	24527067	2013
倾城	6.3	26427831	2013
遗落战境	6.9	3895511	2013
钢琴木马	5.2	5413785	2013
亲爱	7	10564052	2013
残团	4	20458803	2013
被解救的姜戈	8.5	6307447	2013
三天	7.4	25761116	2013
临终囧事	5.3	24089455	2013
中国合伙人	7.6	11529526	2013
别跟我谈高富帅	3.1	11636291	2013
圣诞玫瑰	6.1	10600271	2013
一路狂奔	3.1	24325927	2013
冲锋号	2.3	21323597	2013
吊车尾的逆袭	6.1	24722859	2013
星际迷航：暗黑无界	7.9	3642843	2013
结婚那件事	6.5	6402604	2013
魁拔之大战元泱界	7.6	7051357	2013
潜艇总动员3：彩虹宝藏	4.2	24325876	2013
辛巴达历险记2013	4.9	24325581	2013
阳光留守	0	24704026	2013
让熊猫飞	2.5	20429112	2013
王牌情敌	5.5	21248460	2013
致命黑兰	6.9	5028536	2013
逆光飞翔	8.2	10733376	2013
夜幕惊魂	3.7	5041040	2013
杀戒	5.1	10617163	2013
天机·富春山居图	2.9	5364905	2013
光辉岁月	8.6	1292943	2013
百万爱情宝贝	3.9	11625733	2013
圣龙奇兵大冒险	5.4	20515265	2013
大片	4.7	23127631	2013
非秀不可	3.7	19967777	2013
枕边有张脸	3.9	19962668	2013
天才进化论第二季	0	24743012	2013
兰梅记	0	25713312	2013
超人：钢铁之躯	6.8	2049435	2013
不二神探	4.6	10604486	2013
北漂鱼	4.8	10449536	2013
那是说着玩的	7.4	10831905	2013
小时代	4.7	20376577	2013
东方中国梦	3.2	24748879	2013
萨米大冒险2	6.6	10540210	2013
开心超人	7.1	24284209	2013
乐乐熊奇幻追踪	0	24829113	2013
盲探	7.1	6872273	2013
初恋未满	6.3	10833971	2013
太极侠	5.4	6041199	2013
咒·丝	4.6	22206742	2013
赤警威龙	5.8	3256172	2013
天台爱情	6.8	10833924	2013
重返地球	5.5	6828823	2013
校花诡异事件	3.1	20473370	2013
赛尔号大电影3之战神联盟	4.5	23249761	2013
雪落牤牛河	0	21354106	2013
笔仙Ⅱ	3.9	21618782	2013
周恩来的四个昼夜	4.9	19994974	2013
大明猩	5.4	5919333	2013
功夫侠	3.7	4118068	2013
早见，晚爱	4.4	11639159	2013
火焰山历险记	3.1	24325765	2013
达人也疯狂	3	24843514	2013
终极大冒险	4.8	24522852	2013
惊天危机	7.3	10746175	2013
正骨	3.9	24854991	2013
爱，很美	3.5	19962575	2013
速度与激情6	7.7	6537500	2013
不肯去观音	5.5	24269094	2013
模特魅影	2.8	24381046	2013
环太平洋	7.6	5323968	2013
我爱灰太狼2	2.7	24325767	2013
绑架大明星	2.8	10484009	2013
爱爱囧事	3.5	10781952	2013
青春派	7.4	24735062	2013
一场风花雪月的事	7.4	2216405	2013
小时代2：青木时代	4.9	24721493	2013
一夜惊喜	5.5	16475702	2013
玛德2号	4.4	20483435	2013
宫锁沉香	4.8	20378811	2013
小神来了	3.2	24706750	2013
激战	7.8	20388223	2013
诡魇	2.8	24718898	2013
唇唇欲动	4.1	20398974	2013
侏罗纪公园	8	1292523	2013
牛胆神偷	4.3	5256472	2013
怪兽大学	8	3789848	2013
粉红女郎·爱人快跑	3.2	10355621	2013
摩登年代	5.3	23856234	2013
回到爱开始的地方	6.3	20378794	2013
来历不明	4.5	24872197	2013
隔窗有眼	3.8	10801279	2013
被偷走的那五年	5.8	20513059	2013
海啸奇迹	7.5	4832825	2013
了不起的盖茨比	7.7	3364223	2013
夏日示爱	3.8	19961119	2013
致命闪玩	2.8	6886470	2013
疯狂的导演	3.2	24878198	2013
极乐空间	6.2	4116481	2013
超级经纪人	4.8	20254219	2013
古镇凶灵之巫咒缠身	4	22010958	2013
花漾	5.7	7051294	2013
逆袭	7.6	1853176	2013
时光恋人	3.4	24381850	2013
无敌波	0	25723869	2013
校车	2.8	20445145	2013
夏天的拉花	7	23384266	2013
4B青年之4楼B座	4.3	23042272	2013
蓝精灵2	6.4	6870493	2013
全民目击	7.6	11510624	2013
穿越火线	6.7	10555084	2013
我的母亲	8.5	1291937	2013
非常幸运	4.5	6984064	2013
落经山	3.4	20438458	2013
一座城池	5.3	11594933	2013
极速蜗牛	7.1	6070226	2013
爱别离	4.9	21264285	2013
帝国秘符	2.9	6999256	2013
团圆	7.6	4284085	2013
5月天诺亚方舟	8.2	24891524	2013
就爱吧之咫尺	6.1	27064205	2013
就爱吧之回家	8.6	26393561	2013
金刚王·死亡救赎	5.3	19975090	2013
就爱吧之集合	6.1	27064205	2013
乔布斯	7.2	25850443	2013
白狐	3.2	20515018	2013
狄仁杰之神都龙王	6.5	5996801	2013
81号农场之保卫麦咭	5.1	24852755	2013
一路顺疯	5.2	20452308	2013
蝙蝠别墅	2.5	11445635	2013
神奇	3.2	5044748	2013
逃出生天	6.7	10763157	2013
盗剑72小时	3.7	25719521	2013
门巴将军	5.9	24860303	2013
心战	7.7	5294283	2013
独行侠	7	3024838	2013
漂	9.2	1300267	2013
孟姜女	5.7	19897315	2013
候鸟	8.6	1297622	2013
定制影像	0	25743030	2013
救赎	8.2	1950148	2013
看世界	0	19965523	2013
三仙手	0	25725596	2013
边境少女	6.9	20501177	2013
妈妈的时间	8.6	26306674	2013
禁忌游戏之迷藏	3.3	11627065	2013
浪漫一次，又何妨	0	24700615	2013
梦萦张家界	0	19962580	2013
现代爱情启示录	8.3	1292260	2013
江湖	6.9	1308850	2013
金刚狼2	6.2	3718424	2013
我要快乐	7.3	21815004	2013
美姐	7.8	10833919	2013
背水一战	7.5	1401524	2013
大明劫	7.8	11627068	2013
我是球迷	7.1	25757137	2013
爱拼北京	4.4	21319320	2013
斯大林格勒	6	6714930	2013
猎仇者	4.2	20497559	2013
精灵旅社	7.4	21327493	2013
我为相亲狂	4	24751825	2013
爱·回家	9	1299361	2013
雷神2：黑暗世界	7.3	6560058	2013
甜心巧克力	5.1	10567506	2013
我爱的是你爱我	5.4	20471876	2013
孪生密码	3.7	10793499	2013
我的男男男男朋友	3.6	10766178	2013
赤焰战场2	7	7916027	2013
地心引力	7.8	3793783	2013
饥饿游戏2：星火燎原	7.3	6874456	2013
暴躁天使	4.2	11600922	2013
森林战士	7.3	3263814	2013
野草莓	8.7	1293071	2013
郑和1405：魔海寻踪	4.6	10736409	2013
无人区	8.1	3804891	2013
四大名捕2	4.8	10604892	2013
风暴	6.4	20388198	2013
我的美丽王国	3.3	11526508	2013
来自星星的你	8.3	25698722	2013
私人订制	5.6	10605978	2013
警察故事2013	5.7	20266753	2013
中国好声音之为你转身	2.6	25741108	2013
青蛙王国	6.6	19962596	2013
太空熊猫历险记	3.5	24743729	2013
奥林匹斯的陷落	6.3	10743974	2013
等风来	5.6	10833923	2013
圣杯神器：骸骨之城	5.4	4126925	2014
对不起，我爱你	8.7	1782142	2014
安德的游戏	6.9	5323957	2014
神偷奶爸2	8	4915857	2014
夺命地铁	6.9	20497633	2014
早安，冬日海	4.8	25744252	2014
桔子的天空	7.3	25861612	2014
一触即发	5.7	3014957	2014
熊出没之夺宝熊兵	6.4	24753811	2014
石斛兰	3.2	25807588	2014
巴啦啦小魔仙之魔法的考验	3.3	25791073	2014
前任攻略	6.2	24751754	2014
爸爸去哪儿	9.1	25742294	2014
大话天仙	3	4913222	2014
冰雪奇缘	8.3	4202982	2014
过界男女	5.6	19944289	2014
江南爱情故事	5.1	25761527	2014
菊花台	3.1	20256501	2014
李可乐寻人记	5.9	10574621	2014
命运派对	5.5	25758005	2014
夺樽	3.2	24525721	2014
狂舞派	7.3	21360412	2014
火鸡总动员	6	5154496	2014
恋者多喜欢	4.2	19944572	2014
甜蜜杀机	6	21765841	2014
兰亭	6.9	19995496	2014
极品飞车	7.2	20257326	2014
雪国列车	7.3	3071441	2014
蓝可儿之旅	4.8	24883793	2014
警察日记	6.4	20426973	2014
英雄之战	3.1	25723081	2014
天才眼镜狗	7.4	3101548	2014
驯龙骑士	5.8	5153144	2014
我在路上最爱你	3.5	6147308	2014
三小强	5.5	25837230	2014
笔仙惊魂3	3.2	25828701	2014
特工艾米拉	2.8	25756355	2014
硬汉奶爸	4.1	21327518	2014
再爱一次好不好	3.8	20451336	2014
追爱大布局	6	23163938	2014
图兰朵	8.1	2050612	2014
魔警	5.9	20515977	2014
爱你一世一生	3	25708937	2014
冰封：重生之门	3.6	6973460	2014
催眠大师	7.6	24743711	2014
赞鸟历险记	6.6	3927791	2014
考拉大冒险	5.4	7057975	2014
怖偶	2.9	10543682	2014
人间·小团圆	5.4	24736526	2014
近距离击杀	5.9	19997896	2014
渴望的青春	3.6	25871713	2014
城市游戏	3.2	20284939	2014
第一眼爱情	3.9	25704425	2014
幸福梦想	0	25878761	2014
X战警：逆转未来	8.2	10485647	2014
心咒	2.8	24695967	2014
丑男大翻身	6.8	2275015	2014
潜艇总动员4：章鱼奇遇记	4	25804446	2014
辛巴达历险记2	3.7	25844367	2014
太空熊猫总动员	2.5	25844581	2014
情笛之爱	7	25863020	2014
分手达人	2.8	5421797	2014
疯狂72小时	4.6	24873473	2014
哥斯拉	6.4	2063914	2014
金色时光	6.6	22790307	2014
摩纳哥王妃	6.7	10450713	2014
死亡邮件	3.5	25798808	2014
变形金刚4：绝迹重生	6.5	7054604	2014
章鱼哥	2.3	25808829	2014
美国骗局	6.6	6873657	2014
无处可逃	7.2	10792322	2014
赛尔号大电影4：圣魔之战	4.6	25845586	2014
爱未央	0	22760563	2014
小时代3：刺金时代	4.3	24847340	2014
京城81号	3.9	26662798	2014
后会无期	7.1	25805741	2014
幻影车神：魔盗激情	7.1	6558262	2014
闺蜜	5.4	25777330	2014
龙之谷：破晓奇兵	7.4	11443316	2014
暴力街区	8	1292326	2014
绣春刀	7.5	24745500	2014
秦时明月3D电影龙腾万里	6.7	6721670	2014
纯纯欲动	3.5	25758654	2014
飞跃地心	3.5	25913178	2014
庞贝末日	6	2083735	2014
好命先生	3.9	24888079	2014
香气	5	25853055	2014
江湖论剑实录	5.4	24758396	2014
反贪风暴	5.3	26352445	2014
临时同居	5	25831326	2014
床下有人2	2.7	25910152	2014
昆虫总动员	8.1	23048775	2014
下一站再爱你	5.2	25711313	2014
大丑	5.4	25933725	2014
美人邦	3.5	25779207	2014
忘了去懂你	6.5	10807892	2014
猩球崛起：黎明之战	7.5	7046723	2014
青春.com	2.4	25942190	2014
动物也疯狂	5.9	3103708	2014
大峰祖师	5.4	25700831	2014
摩登森林之美食总动员	2.8	25960739	2014
分歧者：异类觉醒	6.4	6424814	2014
斗茶	4.9	2374528	2014
美女与野兽	7.2	25900945	2014
0.5的爱情	4.4	25746519	2014
森林孤影	3.3	25897421	2014
从哪来，到哪去	5.8	24521773	2014
死亡派对	5.9	21941106	2014
缘来是游戏	4	25758705	2014
诡八楼	2.6	25856457	2014
亲爱的	8.3	25798222	2014
心花路放	7	25717233	2014
痞子英雄：黎明升起	8.5	3395373	2014
魁拔Ⅲ战神崛起	8	24723061	2014
81号农场之疯狂的麦咭	4.3	25926925	2014
十二生肖城市英雄	3.6	25981387	2014
3D食人虫	3.1	25958914	2014
冰川时代2：融冰之灾	8	1437342	2014
争气	7.7	25912967	2014
毕业那年：分手季	3.4	25806660	2014
蓝色骨头	6.7	4842877	2014
等一个人咖啡	6	25753166	2014
宙斯之子：赫拉克勒斯	5.9	3157583	2014
飞鱼秀	8.4	24743705	2014
大话西游之月光宝盒	8.9	1299398	2014
剑河	4.1	25762268	2014
狙击时刻	4.2	25962762	2014
恐怖电影院	0	26958645	2014
夜莺	6.4	19962587	2014
一个人的武林	6.2	24695277	2014
全城通缉	4.5	25849599	2014
潜龙风云	5.5	25810920	2014
拆散专家	4.1	25868330	2014
求爱大作战	4.3	24706118	2014
星际穿越	9.1	1889243	2014
马达加斯加的企鹅	7.4	11810348	2014
天河	4.4	25972494	2014
21岁派对	5.9	6873085	2014
黄飞鸿之英雄有梦	5.4	25444447	2014
等你追我	3.3	25859605	2014
火线反攻	5.4	6875610	2014
爱情狂想曲	3.3	25722123	2014
机器纪元	6.2	6873819	2014
青春时光	2.3	25980432	2014
太平轮（上）	5.8	3078390	2014
密道追踪之阴兵虎符	3.4	25852270	2014
谁动了我的梦想	3.7	21340764	2014
鸣梁海战	7	7065161	2014
我的早更女友	5.4	25834473	2014
一步之遥	6.3	6126442	2014
37次想你	4	25728484	2014
微爱之渐入佳境	4.6	24751757	2014
末日浩劫	8	1308779	2014
抢劫坚果店	6.5	25817617	2014
怨灵人偶	2.8	21967905	2014
十万个冷笑话	7.4	26759539	2014
王牌	4.6	25743807	2014
博物馆奇妙夜3	7	21349734	2015
重返20岁	7.2	25870084	2015
安妮：纽约奇缘	6.3	6873740	2015
亡命地中海	5.9	10461681	2015
第七子：降魔之战	5	2325873	2015
谍·莲花	3.1	26087446	2015
黄金福将	3.2	25934578	2015
味道中国	6.7	26291971	2015
奔驰的大葱	3.3	26297576	2015
坚不可摧	6.8	10548265	2015
时光大战	3.2	26285355	2015
宝贝，对不起	4.3	25955554	2015
一路惊喜	5	25880244	2015
有种你爱我	4.7	24743712	2015
神探驾到	8.3	25955491	2015
饥饿游戏3：嘲笑鸟（上）	5.8	6533054	2015
深海挑战	8.3	20270795	2015
甜蜜蜜	8.8	1305164	2015
爸爸的假期	4	25908302	2015
新年来啦之大闹除夕	3.3	26322813	2015
钟馗伏魔：雪妖魔灵	4.2	25713420	2015
爸爸去哪儿2	8.1	27086865	2015
兔侠之青黎传说	6.3	25918723	2015
吉星高照2015	3.1	26301735	2015
将错就错	3.8	25899616	2015
天使：生命处方	0	25945368	2015
大喜临门	5.3	26280561	2015
北京纽约	4.2	24743709	2015
母亲的梦想	6.9	25806958	2015
灰姑娘	6.7	6875263	2015
扑通扑通我的人生	7.1	25747028	2015
蚀之怀朴抱素	7	26291399	2015
失孤	6.4	25835293	2015
璀璨的婚礼	2.6	26336350	2015
王牌特工：特工学院	8.4	24405378	2015
第七谎言	4.1	25870074	2015
战狼	7.3	26363254	2015
三更车库	3.3	20513060	2015
无敌小飞猪	2.9	25769893	2015
公路美人	4.4	26337830	2015
踏血寻梅	7.4	25966085	2015
第22届北京大学生电影节	8.8	10946125	2015
速度与激情7	8.3	23761370	2015
第5届北京国际电影节	8.8	3173528	2015
万物生长	5.8	25872931	2015
点对点	6.8	25724870	2015
十万伙急	5.2	25806698	2015
疯狂外星人	7.3	10827341	2015
阳光总在风雨后	3	6893726	2015
赤道	6	24987018	2015
爱我就陪我看电影	3.5	26200627	2015
少年毛泽东	8.5	2148367	2015
姑鲁之恋	0	26365665	2015
踏雪寻梅	7	25766532	2015
超能查派	7.2	6846893	2015
分手，不分手	2.9	26005640	2015
夺命旅行	3.3	24737155	2015
旋风九日	7.5	25972353	2015
岸边之旅	6.5	25851628	2015
哺乳期的女人	6	19971593	2015
阿里巴巴大盗奇兵	2.5	26323678	2015
屠魔战士	5.2	3680627	2015
妈咪侠	6	25932073	2015
天亮·分手	2.7	26378829	2015
搏击迷城	3.9	25896040	2015
异种	6.4	1293442	2015
侏罗纪世界	7.6	10440138	2015
我是谁2015	8	25932086	2015
杀破狼2	7.3	23788440	2015
我的男友和狗	5.7	24851526	2015
少年班	5.7	26219652	2015
玩的就是艳遇	3.4	26363340	2015
约定倒计时	5.3	26365374	2015
听说	8.1	3824672	2015
再次出发之纽约遇见你	8.5	6874403	2015
无法证明	4.4	25890936	2015
对风说爱你	6.5	25830802	2015
恋爱排班表	4.4	26382849	2015
小猪班纳大电影之梦想大“帽”险	3.1	26392182	2015
罪恶赎金	5.4	3439317	2015
我是路人甲	7.2	25746375	2015
张震讲故事之鬼迷心窍	3.2	26384363	2015
汽车人总动员	2.3	26416155	2015
小时代4：灵魂尽头	4.6	24847343	2015
栀子花开	4.1	26021055	2015
猪猪侠之终极决战	4	26358025	2015
动画，你早	8.1	1305543	2015
超级保镖	5.2	26673947	2015
最好的我们	8.7	26602244	2015
小羊肖恩	8.4	24397586	2015
煎饼侠	6	25895276	2015
模仿游戏	8.5	10463953	2015
赛尔号大电影5雷神崛起	3.8	26379074	2015
命中注定	5.7	25881780	2015
恐怖游泳馆	2.6	26373447	2015
美人鱼之海盗来袭	2.6	26365745	2015
危机行动	4.7	6874160	2015
王朝的女人·杨贵妃	3.6	5993138	2015
太平轮·彼岸	5.8	3078390	2015
男人制造	3.2	26442029	2015
轩辕剑传奇	2.6	26430099	2015
一路向前	3.6	26382888	2015
红髅	3.7	26417725	2015
破风	7.2	25853727	2015
爱之初体验	4.6	26374240	2015
黑猫警长之翡翠之星	5.1	21943062	2015
情剑	2.7	26575441	2015
滚蛋吧！肿瘤君	7.4	26289144	2015
白雪公主之神秘爸爸	3.4	26365738	2015
相伴库里申科	4.6	25945369	2015
传奇状元伦文叙	0	26588796	2015
鹰笛·雪莲	0	26433150	2015
恋爱中的城市	5.6	26263443	2015
王子与108煞	5.4	26302912	2015
战火中的芭蕾	6.5	26382797	2015
东京公关女	4.9	26357180	2015
诱狼	3.3	26378587	2015
刺客聂隐娘	7.2	2303845	2015
烈日灼心	7.9	24719063	2015
飙速宅男 剧场版	6.9	26350539	2015
百团大战	4.7	26421030	2015
犹太女孩在上海2：项链密码	4	26588952	2015
心路历程	6.4	26304166	2015
华丽上班族	6	11776289	2015
男神时代	3.6	26301662	2015
穷途	4.2	26594423	2015
开罗宣言	3.1	25945367	2015
少年杨靖宇	2.2	26598990	2015
落跑吧爱情	5.6	26235315	2015
猫侍 前往南之岛	5.6	26318049	2015
湖杀令	0	26599037	2015
东京食尸鬼JACK OVA	6.8	26817016	2015
纯真年代	8.2	1301465	2015
斗地主	4.8	26582787	2015
星语心愿之再爱	5.9	26310141	2015
天空之蜂	6.4	25903021	2015
小黄人大眼萌	7.3	11624706	2015
暗杀	8	25823132	2015
铁血残阳	0	26608235	2015
使命召唤	5.8	20379462	2015
墓穴迷城	4.6	26382842	2015
黄河	9.5	2156792	2015
第三种爱情	5.1	25911595	2015
逆转胜	6.8	22276795	2015
炸掉银行经理	6.3	26323407	2015
九层妖塔	4.2	24827406	2015
夏洛特烦恼	7.4	25964071	2015
天眼传奇	4.8	26599044	2015
君子道：上海滩后传	0	26594527	2015
父女情	7.2	25747095	2015
妈妈让我再爱你一次	3.2	26615905	2015
心迷宫	8.6	25917973	2015
小王子	8	20645098	2015
魔卡行动	3.4	26346888	2015
喜马拉雅天梯	7.2	24743696	2015
幸存者	0	27003710	2015
浪漫天降	3.9	25928069	2015
探灵档案	5.6	25767569	2015
猛龙特囧	4.3	22556810	2015
家在水草丰茂的地方	7.9	11537965	2015
回到被爱的每一天	7.4	26425533	2015
幸福很囧	2.3	26241646	2015
山河故人	7.8	25890005	2015
囧贼	2.8	26627672	2015
半夜叫你别回头	2.6	26386617	2015
钢铁，是这样炼成的	5.4	25931451	2015
我的处女地	2.7	26639463	2015
雨夜惊魂	2.6	26597955	2015
史努比：花生大电影	7.3	23043659	2015
前任2：备胎反击战	5	25881786	2015
时尚女郎之女人江湖	2.4	25895277	2015
我的青春期	5.8	24875658	2015
年少轻狂	7.2	1294720	2015
男二本色	3.6	26646406	2015
我的少女时代	7.8	26366465	2015
饥饿游戏3：嘲笑鸟（下）	6.1	10047547	2015
玩命速递：重启之战	5.9	24718797	2015
十月初五的月光	5.4	25975323	2015
遭遇海明威	4.8	26611040	2015
青春激荡的岁月	6.6	26452381	2015
石城九月	0	26605829	2015
坏蛋必须死	6	26289126	2015
诡影迷情	3.1	26470514	2015
火云端	3.9	26658847	2015
怦然星动	4.2	26411409	2015
不可思异	3.8	26277156	2015
杜拉拉追婚记	5.3	26322809	2015
正果	3.8	26658050	2015
不能错过	2.6	26339762	2015
天职	0	24748585	2015
全力扣杀	4.8	25824853	2015
东北偏北	6.3	26061902	2015
电商时代	3.6	26656553	2015
北京时间	5.2	26369857	2015
长江七号爱地球	5.9	3792787	2015
寻龙诀	7.5	3077412	2015
诡娃娃	2.6	26647133	2015
恶棍天使	4	26290365	2015
青春一战	0	26282655	2015
胜利大阅兵	7.7	1300093	2015
索命暹罗之按摩师	3.6	25869870	2015
一念天堂	5.3	26611801	2015
一切都好	6.4	26425088	2016
皇帝的新装之圣诞大明星	2.4	26692682	2016
恐怖理发店	7.1	25955510	2016
荒村怨灵	2.7	26656462	2016
星球大战：原力觉醒	7.1	20326665	2016
最后的巫师猎人	5.8	10440076	2016
消失爱人	4.8	26309968	2016
国酒	3.5	26647899	2016
熊出没之熊心归来	6.2	26330955	2016
钢板咏叹调	0	26377616	2016
爱在深秋	3.6	26638460	2016
恶灵之门	3.5	26661696	2016
请把你的窗户打开	4.4	26686653	2016
果宝特攻之水果大逃亡	6.1	26290381	2016
猿创世界之熊孩子部落	5.2	26688299	2016
欲链迷情	0	26713576	2016
致我们终将到来的爱情	3.6	26413306	2016
风口青春	2.9	26710178	2016
过年好	5	26698301	2016
澳门风云3	3.9	26334559	2016
西游记之孙悟空三打白骨精	5.6	25827963	2016
断片儿	0	26882457	2016
奔爱	3.7	26637534	2016
火影忍者剧场版：博人传	8.4	26282448	2016
恭喜发财之谈钱说爱	2.7	26718806	2016
青蛙王国之冰冻大冒险	5.3	26253893	2016
托马斯和朋友们：多多岛之迷失宝藏	6.6	26356538	2016
诡娃	2.4	26680909	2016
霹雳囧花	3.5	23059934	2016
谍影特工	6.3	10792320	2016
你是不是我的爱人	2.8	26728083	2016
叶问3	6.3	11598977	2016
爱情麻辣烫之情定终身	4.7	25907086	2016
箭士柳白猿	7.2	7564989	2016
床下有人3	2.4	26694681	2016
灯塔下的恋人	4.5	26575857	2016
同城邂逅	3.7	26686166	2016
决不饶恕	7.2	3102939	2016
飞鹰艾迪	8	3072064	2016
女汉子真爱公式	4.7	26345736	2016
洛杉矶捣蛋计划	5.3	26729533	2016
缘份	7.9	1298128	2016
半熟少女	3.2	26345159	2016
恐怖将映	3.5	26370966	2016
一夜危机	2.3	26742358	2016
轩辕大帝	4.6	11632599	2016
不速之客	6.3	25721544	2016
灵偶契约	6	26359246	2016
蜜丝炸弹	0	26675984	2016
太空熊猫英雄归来	2.6	26655587	2016
午夜寻访录	3.2	7161697	2016
隔壁惊魂	2.9	26745066	2016
平凡的足球	0	26767818	2016
奇幻森林	7.8	25777636	2016
废柴特工	6	25763555	2016
不朽的时光	6.5	25762270	2016
临时约定	0	26766171	2016
情花谷	0	26755573	2016
猎神：冬日之战	5.4	10791575	2016
恐怖照相机	2.4	26445861	2016
刑警兄弟	5.2	11625312	2016
女神时代	2.6	26756531	2016
梦想合伙人	3.9	26299410	2016
魔宫魅影	4.7	26220725	2016
马小乐之玩具也疯狂	3.5	26630850	2016
青蛙总动员	3.5	26752895	2016
美国队长3	7.7	25820460	2016
判我有罪	7.8	1750027	2016
男神抱抱	4.4	26767718	2016
鬼宅冤灵	0	26807034	2016
欲望迷宫	6.7	1300588	2016
再见，在也不见	5.9	26282530	2016
谎言大爆炸	3.1	26686170	2016
购物女王	3.1	26772866	2016
死亡笔记	4	5920220	2016
愤怒的小鸟	7	6873736	2016
夜孔雀	4.6	24743728	2016
708090之深圳恋歌	2.9	25922900	2016
水滴之梦	0	26794101	2016
最佳伙伴	0	26773722	2016
糖果世界大冒险	4.6	25858763	2016
山那边有匹马	5.6	25980222	2016
爱丽丝梦游仙境2：镜中奇遇记	6.6	21441132	2016
水果宝贝之水果总动员	2.7	26613359	2016
斗龙战士之星印罗盘	3.2	26796681	2016
提款机	0	26416121	2016
X战警：天启	7.8	25786060	2016
魔兽	7.7	2131940	2016
泰迪熊之玩具大战	2.4	26786108	2016
山花烂漫时	2.4	26589483	2016
海洋之恋	3.3	25931980	2016
当流星划过天际	2.4	25803264	2016
练胆儿	4.5	26806651	2016
欲望森林	0	26789821	2016
近在咫尺的爱恋	6.3	4202326	2016
独立日：卷土重来	5.6	4811813	2016
大火种	3.9	26817990	2016
古田会议	2.9	26821747	2016
党的女儿尹灵芝	2.8	26812812	2016
终极胜利	6.4	26431412	2016
柴生芳	0	26827508	2016
忍者神龟2：破影而出	6.3	25955779	2016
摇滚藏獒	6.8	25749813	2016
寒战2	6.9	20505982	2016
发条城市	5.9	26695145	2016
张震讲故事之合租屋	3.8	26781781	2016
人在驴途	3.4	26828215	2016
路边野餐	7.7	26337866	2016
惊天大逆转	7	26375609	2016
超能太阳鸭	4.8	26341315	2016
假装看不见之电影大师	2.5	26745210	2016
绝地逃亡	5.5	24529353	2016
魔都凶音	4.8	26772860	2016
巴霍巴利王（上）：开端	7.2	25753326	2016
恐怖爱情故事之死亡公路	2.7	26609224	2016
少年师爷之大禹宝藏	3.8	26647121	2016
红色警戒999	5.7	6875396	2016
封神传奇	2.9	25850122	2016
催命符之劫后重生	8.5	1298653	2016
毒中毒	2.9	26803692	2016
爱宠大机密	7.5	21817627	2016
狼兵吼	2.7	26827878	2016
夏有乔木 雅望天堂	4.7	25843976	2016
我最好朋友的婚礼	4.3	26394441	2016
使徒行者	7	26661003	2016
诺亚方舟漂流记	7.4	26359269	2016
危城	5.6	26125779	2016
岛囧	2.5	26711085	2016
军号密码	0	26857051	2016
精灵王座	7.5	26290390	2016
七月半2：前世今生	2.7	26647080	2016
新大头儿子和小头爸爸2一日成才	4.2	26839582	2016
吉祥宝宝之我是食神	3.1	26840665	2016
谍影重重5	7.3	26266072	2016
天使请吻我	3.6	26296546	2016
低碳爱情	2.5	26592942	2016
花样厨神	5.2	10546813	2016
诡新娘	3.1	26437676	2016
在世界中心呼唤爱	7.6	1315570	2016
白雪公主和三只小猪	3.6	27021323	2016
疯狂的疯狂	3.8	26848626	2016
寄生兽	7.4	25774050	2016
星际迷航3：超越星辰	7.3	22939161	2016
蹴鞠	2.5	25863024	2016
小魔仙之黑魔法来袭	2.6	26861033	2016
长江图	6.7	7062596	2016
黑海夺金	6.8	10581884	2016
为爱放手	6.3	3408337	2016
夜魔人	3.9	26853088	2016
荒村凶间	3.1	26646380	2016
怨罪	0	26871967	2016
大话西游3	3.6	26284595	2016
追凶者也	7.6	26284621	2016
我的战争	4.9	25945350	2016
爱的蟹逅	5.9	26738093	2016
神兽金刚之青龙再现	3.6	26767508	2016
将离草	0	25864172	2016
逗鸟外传：萌宝满天飞	7.5	26374205	2016
凤凰谷	0	25841978	2016
234说爱你	6.1	20472738	2016
三个孬家伙	4.8	26873166	2016
从你的全世界路过	5.3	26280528	2016
幽灵医院	2.7	26818349	2016
湄公河行动	8	25815034	2016
我是哪吒	3.5	26820458	2016
我的村民我的村	0	26826008	2016
疯狂丑小鸭	2.3	26847189	2016
鲁滨逊漂流记	5.6	26721478	2016
那年我对你的承诺	0	25835493	2016
遵义会议	2.9	26873292	2016
黑处有什么	6.6	26433966	2016
小熊的夏天	0	25931448	2016
T台魔王	2.3	26873291	2016
爱神箭	0	26856360	2016
勇士	8.9	3217169	2016
伴生	7.5	26882411	2016
惊天破	3.9	26220722	2016
侠探杰克：永不回头	5.9	25789402	2016
机械师2：复活	5.6	25825412	2016
怦·心跳	0	26779548	2016
异性合租的往事	0	26630680	2016
青春的旅途	0	26774415	2016
白蛇传之囧蛇出洞	0	26894826	2016
但丁密码	6.2	24860318	2016
小明和他的小伙伴们	4.1	26869052	2016
枕边有张脸2	3.3	26880771	2016
三界奇侠传	0	26904026	2016
驴得水	8.3	25921812	2016
脑残粉	6.6	25824009	2016
我的圣途	7.1	26776126	2016
奇异博士	7.6	3025375	2016
笑林足球	2.7	26547005	2016
被劫持的爱情	5	26696441	2016
诡咒	0	26791927	2016
恐怖笔记	2.6	25953613	2016
蜡笔小新：梦境世界大突击	7.3	26660834	2016
狱中惊魂	0	26898169	2016
减法人生	4.2	26629328	2016
夺路而逃	3.1	26125842	2016
我的WiFi女友	0	26899293	2016
脱单宝典	0	26891379	2016
外公芳龄38	4.2	26415200	2016
聊斋新编之画皮新娘	2.9	26770773	2016
最后证言	0	26904663	2016
红颜容	0	26579987	2016
勇士之门	3.5	25845294	2016
活宝	0	26575027	2016
白云桥	2.9	26438800	2016
辣警霸王花	4	26235351	2016
神奇动物在哪里	7.8	25726614	2016
冲天火	3.6	26365631	2016
名侦探柯南：纯黑的恶梦	6.2	26596486	2016
最萌身高差	3.8	26696875	2016
热土悲歌	0	26871431	2016
海洋奇缘	7.6	25793398	2016
爱你的人	0	25899612	2016
极速之巅	5.1	25708452	2016
超级快递	4.5	26651353	2016
食人岛	2.4	26840300	2016
东宫皇子	0	26883577	2016
沙漠之心	0	26907466	2016
老腔	5.3	26337155	2016
佩小姐的奇幻城堡	7.2	7051830	2016
你的名字。	8.5	26683290	2016
试睡员48小时	2.5	26911536	2016
血战钢锯岭	8.7	26325320	2016
呆呆计划	3.3	26910800	2016
塔洛	7.7	26586806	2016
28岁未成年	5.7	26658568	2016
凄灵室	3.8	26667083	2016
爱上试睡师	3.2	26904021	2016
牡丹仙子之皇帝诏曰	0	26915626	2016
球舞青春	0	26924326	2016
那美	0	26882219	2016
萨利机长	8.3	26416603	2016
反黑行动组	5.3	26335572	2016
先锋之那时青春	3.5	26831272	2016
流金	8.4	2154781	2016
长城	4.9	6982558	2016
罗曼蒂克消亡史	7.7	24751763	2016
少年	5.8	26754643	2016
五女闹京城	2.9	26866836	2016
生门	8.6	26836588	2016
我在故宫修文物	9.3	26703457	2016
飞天窑女	0	26928477	2016
我的朋友圈	0	26933693	2016
功夫四侠	2.4	26831514	2016
大山里的春天	0	20515086	2016
求生者	0	24379805	2016
摆渡人	4	25911694	2016
铁道飞虎	5.2	26389069	2016
傻儿夫妻小神郎	0	26779537	2016
掠夺者	7.5	1298976	2016
有迹可循	3.1	26869265	2016
失心者	3.3	26711052	2016
绝对控制	5.2	26608448	2016
悟空圣诞奇遇记	0	26878827	2016
我的女神女汉子	0	26899304	2016
燕振昌	0	26857965	2016
恋	7	24695953	2016
冒牌卧底	3.9	26743534	2016
爸爸的3次婚礼	3	25884877	2016
你好，疯子！	6.8	26696879	2016
那年夏天你去了哪里	4.7	26876595	2016
情圣	6.1	26879060	2016
难忘金银滩	0	24888081	2016
北极大冒险	6.6	24752662	2016
天降恶邻	0	26696881	2016
超级幼儿园	0	26889012	2016
人鱼校花	2.8	26757794	2016
冰雪女皇之冬日魔咒	4.8	26108086	2016
单身日记：好孕来袭	7.4	3868141	2017
我的第二次初恋	0	26834059	2017
星球大战外传：侠盗一号	7.3	25894431	2017
一万公里的约定	4.6	26388555	2017
一路逆风	4.6	26416774	2017
浪漫搭档	2.2	26938345	2017
玩命直播	6.6	26313740	2017
猪猪侠之英雄猪少年	4.8	26912427	2017
辛巴达与美人鱼公主	0	26928807	2017
逗逗迪迪之美梦年年	0	26613370	2017
少年巴比伦	6.8	25876760	2017
魔弦传说	7.4	26287884	2017
我的诗篇	7.6	26293468	2017
大卫贝肯之倒霉特工熊	4.4	26921827	2017
超能龙骑侠	0	26818364	2017
太空旅客	6.9	3434070	2017
天空之眼	7.8	10484117	2017
蛋计划	0	26920899	2017
大魔法师孟兜兜	0	26941206	2017
心惊胆战	4.1	26617291	2017
缺失的爱	0	26948106	2017
降临	7.7	21324900	2017
老师也疯狂	3.8	26628239	2017
健忘村	6.7	26717795	2017
西游伏妖篇	5.6	25801066	2017
大闹天竺	3.8	26389696	2017
功夫瑜伽	5	26182910	2017
乘风破浪	6.8	26862259	2017
封神道：哪吒闹海	0	26426329	2017
熊出没·奇幻空间	6.4	26831711	2017
了不起的菲丽西	6.5	26382767	2017
东北往事之破马张飞	3.6	26691509	2017
萤火奇兵	5	26766397	2017
极限特工：终极回归	5.6	3230115	2017
大脚印	0	22964062	2017
决战食神	4.7	26711487	2017
遊戏规则	4.3	26745334	2017
一树一树紫花开	0	26934398	2017
爱乐之城	8.3	25934014	2017
合约男女	4.4	26425081	2017
疯岳撬佳人	3.3	26815856	2017
欧爸的情人	0	26955897	2017
欢乐好声音	8.2	26354572	2017
上海王	4.8	4078592	2017
完美有多美	5.4	26668750	2017
血伞凶灵	0	26969974	2017
来自月亮的我	0	26952566	2017
谋杀安徒生之海的女儿	0	26984460	2017
刺客信条	5.4	11526817	2017
生化危机：终章	6.6	20471852	2017
丫丫的夏	0	26761459	2017
为爱担当	0	26969096	2017
三缺一	0	26712258	2017
暴走吧混蛋	0	26984355	2017
魔法学院之见习女巫	0	26801779	2017
帅位	0	26877375	2017
爱情对赌	0	26958457	2017
乐高蝙蝠侠大电影	8	26145033	2017
惊魂绣花鞋	2.3	26883093	2017
咱们分手吧	0	26786770	2017
金刚狼3：殊死一战	8.3	25765735	2017
一条狗的使命	7.7	6873143	2017
碟仙诡谭2	2.9	26331917	2017
诡眼	3.6	20443799	2017
夜色撩人	4.6	26425075	2017
玛格丽特的春天	3	26961684	2017
猫先生与猪小姐	0	26904248	2017
天才捕手	7.5	5262339	2017
最终幻想15：王者之剑	7.2	26762709	2017
小阴谋大爱情	2.9	26697532	2017
毛丰美	6.2	26769471	2017
麦兜响当当	7.4	2277018	2017
滚出来，凶手	0	26980461	2017
走出尘埃	5.4	26425079	2017
通灵姐妹	2.4	26958070	2017
美女与野兽	7.2	25900945	2017
唤爱	0	26996478	2017
二宝闯江湖	0	26994699	2017
八月	7.1	26820836	2017
欢乐喜剧人	2.5	26850326	2017
金刚：骷髅岛	6.6	26309788	2017
领袖1935	2.3	26898854	2017
八万里	0	26416119	2017
嫌疑人X的献身	6.4	26606743	2017
绑架者	4.9	26602933	2017
非凡任务	6.4	26616690	2017
商界	0	26586692	2017
冰雪大作战	6.1	26681656	2017
有完没完	5.4	26828019	2017
大导归来	0	26857951	2017
怨灵宿舍之白纸女生	2.1	26948814	2017
攻壳机动队	6.5	25818101	2017
麦兜·当当伴我心	8.4	10772258	2017
海角有个五店市	4.4	26378133	2017
点五步	6.5	26704592	2017
一念无明	7.9	26704590	2017
鸡飞狗跳	0	26991765	2017
六月与弓箭	3.8	26996771	2017
惊悚小说	3	26902792	2017
海鹰战警	0	10465132	2017
大话西游之大圣娶亲	9.2	1292213	2017
指甲刀人魔	4.4	26352435	2017
爱情冻住了	5.4	26674021	2017
玩命试爱	0	27010566	2017
怨灵宿舍之人偶老师	2.4	27003615	2017
速度与激情8	7.1	26260853	2017
百鸟朝凤	8	10831445	2017
塔克拉玛干的鼓声	0	27045204	2017
蓝精灵：寻找神秘村	6.3	19899718	2017
神秘家族	4.9	26292682	2017
我的青春永不逝	0	25917747	2017
血狼犬	5.7	26882327	2017
恋恋有声	0	26920219	2017
窦娥奇冤	4.3	26873820	2017
穆桂英挂帅	5.1	10438503	2017
和田玉传奇	0	26776117	2017
夜闯寡妇村	2.3	26590030	2017
喜欢你	6.9	26816383	2017
拆弹专家	6.4	26748673	2017
记忆大师	7.2	25884801	2017
春娇救志明	7.2	26639958	2017
午夜惊魂路	0	26895979	2017
灵狼传奇	5.4	26210985	2017
银河护卫队2	8.1	25937854	2017
摔跤吧！爸爸	9.1	26387939	2017
咸鱼传奇	2.6	26729855	2017
麻烦家族	4.6	26907450	2017
毒。诫	4.8	26605946	2017
诡宅	0	26593973	2017
碟仙前传	3.4	26950073	2017
提着心吊着胆	6.8	26808466	2017
以爱为名	0	26596836	2017
小满的故事之青涩年华	0	26786794	2017
阿文的承诺	0	27040567	2017
亚瑟王：斗兽争霸	7.1	25864124	2017
超凡战队	4.6	25881615	2017
宝贝，再爱我一次	8.3	1432972	2017
镇巴女子	0	27040579	2017
20:16	5.7	27031469	2017
当怪物来敲门	7.2	25872311	2017
不期而遇	3.9	26287783	2017
异星觉醒	6.5	26718838	2017
守护者：世纪战元	3.9	26589957	2017
美容针	4.1	26779288	2017
小情书	6.3	26956641	2017
抢红	3.1	26661183	2017
逆路	0	20452324	2017
放学后	6.1	4289922	2017
颠覆	5.7	1907116	2017
诡异酒楼	2.4	27038491	2017
“吃吃”的爱	5.5	26279202	2017
夏天19岁的肖像	4.8	26677981	2017
我的爸爸是国王	0	27030855	2017
摩尔庄园2海妖宝藏	4.7	10727042	2017
龙骑侠	4.5	25903047	2017
功夫小兔侠	0	26820394	2017
北极星	0	27029154	2017
凤凰街风雨	0	27024883	2017
小茜当家	0	26697528	2017
神奇女侠	7.1	1578714	2017
新木乃伊	4.7	20451290	2017
李雷和韩梅梅	3.5	26289138	2017
麦豆的夏天	0	26951938	2017
异兽来袭	0	27034867	2017
黄粱一梦	0	3607778	2017
漂洋过海来爱你	3.7	26775674	2017
异形：契约	7.3	11803087	2017
借眼	3.5	26751902	2017
52赫兹，我爱你	6	26780534	2017
十七岁的雨季	0	26831709	2017
我的青春你来过	0	27059938	2017
女人永远是对的	4.4	26959527	2017
雄狮	7.4	26220650	2017
变形金刚5：最后的骑士	4.8	25824686	2017
原谅他77次	6.6	26857793	2017
我是医生	6.2	26738642	2017
逆时营救	4.8	26667056	2017
仙球大战	2.5	25863024	2017
哀乐女子天团	6.9	27041519	2017
不败雄心	8.1	2136824	2017
明月几时有	7	26425072	2017
京城81号2	3.9	26662798	2017
神偷奶爸3	6.8	25812712	2017
绝世高手	6.1	26754831	2017
北纬30度之爱	0	27065621	2017
佛罗伦萨与乌菲兹美术馆3D	7.9	26671329	2017
青禾男高	4	26787124	2017
大护法	7.8	26811587	2017
喵星人	4.5	26747836	2017
达芬奇：米兰的天才	7.1	26874886	2017
爱爱囧事2	0	27085694	2017
罗马四大圣殿	7.1	26870605	2017
绣春刀·修罗战场	7.4	26270502	2017
S的秘密	0	27085642	2017
阿唐奇遇	7.1	26803711	2017
绿野仙踪之奥兹国奇幻之旅	5.9	26926449	2017
让爱活下去	0	26922911	2017
战狼2	7.3	26363254	2017
大耳朵图图之美食狂想曲	5.6	22232939	2017
三生三世十里桃花	6.4	25975243	2017
荒野加油站	0	27093799	2017
玩偶奇兵	5.1	27026033	2017
原罪的羔羊	0	27088552	2017
龙之战	4	2009342	2017
诗魂风流（戏曲·京剧）	0	27067711	2017
心理罪	5.1	26698000	2017
隐隐惊马槽	0	27103880	2017
新木偶奇遇记	7.4	1299826	2017
双手洪拳	0	27096510	2017
破·局	6.3	26760160	2017
皮绳上的魂	7.3	26177735	2017
赛尔号大电影6：圣者无敌	4.9	26969037	2017
绝技情缘之艺魂	0	27092962	2017
顺德人家之合家欢	0	27096447	2017
极盗车神	7.1	25933890	2017
海边的曼彻斯特	8.6	25980443	2017
泡菜爱上小龙虾	0	26425435	2017
七天	7.5	2999500	2017
杜丽娘	0	27107265	2017
一家两口	0	27114884	2017
情迷意大利	0	27118139	2017
草原英雄小姐妹	7.5	1472238	2017
敦刻尔克	8.6	26607693	2017
黑白迷宫	4.6	26752106	2017
失业生	7.2	1470865	2017
声之形	6.8	26264454	2017
诡域新娘	0	27093782	2017
乔乔的魔法	0	27114874	2017
猩球崛起3：终极之战	6.9	25808075	2017
看不见的客人	8.7	26580232	2017
旗袍先生	0	26928192	2017
阿婆的槟榔	0	27099258	2017
初恋日记	5.4	26969722	2017
奋斗	7.7	2138507	2017
画室惊魂	0	27104249	2017
魔都爱之十二星座	0	25851768	2017
王牌保镖	7.3	22266126	2017
托马斯大电影之了不起的比赛	6.5	26830596	2017
遗忘空间	0	27132412	2017
理查大冒险	6.7	26966364	2017
捍卫者	8.1	27063335	2017
疯狂旅程	0	26873727	2017
空天猎	4.9	26753020	2017
极致追击	3.5	26426099	2017
大侦探霍桑	0	26309965	2017
羞羞的铁拳	7.2	27038183	2017
钢铁飞龙之再见奥特曼	2.9	27045442	2017
魔力果乐岛之拯救行动	0	26776599	2017
母亲的肖像	0	27129602	2017
怨灵2	4.3	26808505	2017
回到火星	5.8	26318239	2017
情遇曼哈顿	4	26818312	2017
十八洞村	6.8	27148198	2017
我的爸爸是森林之王	6.8	27046450	2017
六年，六天	0	27145130	2017
南哥	0	27145085	2017
时间去哪儿了	6	27025637	2017
蝴蝶公墓	0	26289125	2017
咕噜咕噜美人鱼	4.4	26593244	2017
火力全开	8.5	26869140	2017
坑爹游戏	0	26914824	2017
镜头前的女人	0	27146634	2017
情比山高	0	25941019	2017
爱情邮局	0	26856949	2017
全球风暴	6.2	22266012	2017
常在你左右	5.3	26961002	2017
神秘宝藏	0	25806653	2017
我们全家不太熟	5.1	26593059	2017
密战	4.9	26316956	2017
宝贝特攻	0	27028876	2017
云上石头城	0	27173359	2017
东方快车谋杀案	7.1	25790761	2017
天生不对	4.9	26696871	2017
猪太狼的夏天	6.7	26877504	2017
花鼓情	0	27190875	2017
英雄本色	8.6	1297574	2017
正义联盟	6.9	2158490	2017
恐袭波士顿	8.1	26357945	2017
暴雪将至	7.2	26775933	2017
降魔传	3.1	22557335	2017
恋爱之瘾	0	27186155	2017
迷情N小时	0	26816524	2017
寻梦环游记	9.2	20495023	2017
刺杀盖世太保	6.5	26383923	2017
追捕	5.8	26348414	2017
嘉年华	8.2	27019527	2017
七月半3：灵触第七感	0	26830660	2017
垫底联盟	0	26950070	2017
南极绝恋	0	26628329	2017
维京：王者之战	7	26769449	2017
烟花	5.6	26930504	2017
笔仙咒怨	0	27054612	2017
龙虾刑警	0	26992383	2017
假如王子睡着了	0	26336256	2017
这就是命	0	27037539	2017
剩女大逃亡	0	24743257	2017
奇门遁甲	0	26661191	2017
战神纪	0	25881611	2017
颤慄	9.2	3266978	2017
前任3：再见前任	0	26662193	2017
断片之险途夺宝	0	26882457	2017
妖妖铃	0	26966580	2017
